hour;linkID;link_type;start_node;end_node;flowrate;velocity;status
0:00:00;10101;Pipe;8596;8598;0.37325306;5.11544678;1
0:00:00;10103;Pipe;8598;8600;0.25090902;3.43871720;1
0:00:00;10105;Pipe;8600;8602;0.22662800;3.10594504;1
0:00:00;10107;Pipe;8598;8604;0.09441995;2.91156482;1
0:00:00;10109;Pipe;8604;8606;0.07477436;2.30576702;1
0:00:00;10111;Pipe;8606;8608;0.06604371;2.03654566;1
0:00:00;10113;Pipe;8608;8610;0.05925826;1.82730747;1
0:00:00;10115;Pipe;8610;8612;0.03984544;1.22868722;1
0:00:00;10117;Pipe;8612;8614;0.03321564;1.02424860;1
0:00:00;10119;Pipe;8602;8616;0.22614145;4.46295865;1
0:00:00;10121;Pipe;8616;8618;0.20551294;4.05584976;1
0:00:00;10123;Pipe;8618;8620;0.16070833;3.17161941;1
0:00:00;10125;Pipe;8620;8622;0.12814399;2.52895407;1
0:00:00;10127;Pipe;8622;8624;0.12040361;2.37619557;1
0:00:00;10129;Pipe;8624;8626;0.11025069;2.17582528;1
0:00:00;10131;Pipe;8626;8628;0.09994203;1.97238112;1
0:00:00;10133;Pipe;8628;8630;0.05798550;1.14435856;1
0:00:00;10135;Pipe;8630;8632;0.05247253;1.03555865;1
0:00:00;10137;Pipe;8632;8634;0.04857169;0.95857455;1
0:00:00;10139;Pipe;8634;8636;0.04208428;0.83054381;1
0:00:00;10141;Pipe;8636;8638;0.03765802;0.74319057;1
0:00:00;10143;Pipe;8638;8640;0.03332980;0.65777198;1
0:00:00;10145;Pipe;8640;8642;0.01343285;0.26510074;1
0:00:00;10147;Pipe;8628;8644;0.03336933;1.02898776;1
0:00:00;10149;Pipe;8644;8646;0.03086299;0.95170150;1
0:00:00;10151;Pipe;8646;8648;0.02464193;0.75986682;1
0:00:00;10153;Pipe;8648;8650;0.01420082;0.43790120;1
0:00:00;10155;Pipe;8650;8652;0.01420082;0.43790120;1
0:00:00;10157;Pipe;8652;8654;0.01420082;0.43790120;1
0:00:00;10159;Pipe;8654;8656;0.01420082;0.43790120;1
0:00:00;10161;Pipe;8656;8658;0.00960856;0.29629284;1
0:00:00;10163;Pipe;8658;8660;0.00960856;0.29629284;1
0:00:00;10165;Pipe;8660;8662;0.00091421;0.02819083;1
0:00:00;10167;Pipe;8662;8664;0.00005023;0.00154897;1
0:00:00;10169;Pipe;8660;8666;0.00261714;0.08070297;1
0:00:00;10171;Pipe;8666;8668;0.00261714;0.08070297;1
0:00:00;10173;Pipe;8668;8670;0.00055156;0.01700796;1
0:00:00;10175;Pipe;8670;8672;0.00055156;0.01700796;1
0:00:00;10177;Pipe;8672;8674;-0.00623364;0.19222244;1
0:00:00;10179;Pipe;8674;8676;-0.00623364;0.19222244;1
0:00:00;10181;Pipe;8676;8678;-0.00657077;0.20261850;1
0:00:00;10183;Pipe;8678;8680;-0.01782609;0.54969132;1
0:00:00;10185;Pipe;8680;8682;-0.01782609;0.54969132;1
0:00:00;10187;Pipe;8682;8684;-0.01782609;0.54969132;1
0:00:00;10189;Pipe;8684;8686;-0.01782609;0.54969132;1
0:00:00;10191;Pipe;8686;8640;-0.01783195;0.54987203;1
0:00:00;10193;Pipe;8642;8688;0.00353058;0.10887022;1
0:00:00;10195;Pipe;8642;8690;0.00575011;0.17731238;1
0:00:00;10197;Pipe;8690;8692;0.00568869;0.17541825;1
0:00:00;10199;Pipe;8692;8694;0.00488889;0.15075543;1
0:00:00;10201;Pipe;8694;8696;0.00150446;0.04639200;1
0:00:00;10203;Pipe;8696;8698;-0.00545359;0.16816868;1
0:00:00;10205;Pipe;8698;8700;-0.00559963;0.17267214;1
0:00:00;10207;Pipe;8700;8648;-0.00928284;0.28624867;1
0:00:00;10209;Pipe;8696;8702;0.00634879;0.19577326;1
0:00:00;10211;Pipe;8702;8704;0.00525201;0.16195269;1
0:00:00;10213;Pipe;8704;8706;0.00390185;0.12031869;1
0:00:00;10215;Pipe;8706;8708;0.00215224;0.06636709;1
0:00:00;10219;Pipe;8710;8712;-0.00000000;0.00000000;1
0:00:00;10221;Pipe;8712;8714;-0.00000000;0.00000000;1
0:00:00;10223;Pipe;8678;8716;0.01041720;0.32122816;1
0:00:00;10225;Pipe;8716;8718;0.00912929;0.28151393;1
0:00:00;10227;Pipe;8718;8720;0.00468175;0.14436786;1
0:00:00;10229;Pipe;8672;8722;0.00678519;0.20923041;1
0:00:00;10231;Pipe;8722;8724;0.00470674;0.14513854;1
0:00:00;10233;Pipe;8724;8726;0.00470674;0.14513854;1
0:00:00;10235;Pipe;8726;8728;0.00678519;0.20923041;1
0:00:00;10237;Pipe;8728;8730;0.00678519;0.20923041;1
0:00:00;10239;Pipe;8730;8732;0.00334005;0.10299501;1
0:00:00;10241;Pipe;8722;8734;0.00207845;0.06409186;1
0:00:00;10243;Pipe;8734;8792;0.00207845;0.06409186;1
0:00:00;10245;Pipe;8736;8726;0.00207845;0.06409186;1
0:00:00;10247;Pipe;8688;8738;0.00148753;0.18348013;1
0:00:00;10249;Pipe;8708;8740;0.00073516;0.09067887;1
0:00:00;10251;Pipe;8714;8742;-0.00000000;0.00000000;1
0:00:00;10253;Pipe;8720;8744;-0.00000000;0.00000000;1
0:00:00;10255;Pipe;8732;8746;0.00215043;0.26524551;1
0:00:00;10257;Pipe;8710;8682;0.00000000;0.00000000;1
0:00:00;10305;Pipe;8792;8736;0.00207845;0.06409186;1
0:00:00;11059;Pipe;9402;4922;0.43454743;0.48616232;1
0:00:00;11067;Pipe;9410;8596;0.39008555;0.85538186;1
0:00:00;5359;Pipe;4922;9410;0.40817527;1.39851425;1
0:00:00;6210;Pipe;5656;4922;-0.02436061;0.05341810;1
0:00:00;550083;Pipe;880081;9402;0.48096363;0.53809176;1
0:00:00;550084;Pipe;880081;7384;-0.52781252;0.59050529;1
1:00:00;10101;Pipe;8596;8598;0.40207149;5.51040441;1
1:00:00;10103;Pipe;8598;8600;0.24590973;3.37020174;1
1:00:00;10105;Pipe;8600;8602;0.23466363;3.21607352;1
1:00:00;10107;Pipe;8598;8604;0.13421870;4.13881228;1
1:00:00;10109;Pipe;8604;8606;0.10952997;3.37750265;1
1:00:00;10111;Pipe;8606;8608;0.08918748;2.75021484;1
1:00:00;10113;Pipe;8608;8610;0.07464444;2.30176072;1
1:00:00;10115;Pipe;8610;8612;0.05480329;1.68993248;1
1:00:00;10117;Pipe;8612;8614;0.01942518;0.59900137;1
1:00:00;10119;Pipe;8602;8616;0.22111024;4.36366639;1
1:00:00;10121;Pipe;8616;8618;0.17179206;3.39035974;1
1:00:00;10123;Pipe;8618;8620;0.16090153;3.17543240;1
1:00:00;10125;Pipe;8620;8622;0.13750837;2.71376246;1
1:00:00;10127;Pipe;8622;8624;0.12057627;2.37960319;1
1:00:00;10129;Pipe;8624;8626;0.11722534;2.31347170;1
1:00:00;10131;Pipe;8626;8628;0.11704518;2.30991608;1
1:00:00;10133;Pipe;8628;8630;0.07092422;1.39970729;1
1:00:00;10135;Pipe;8630;8632;0.05853137;1.15513127;1
1:00:00;10137;Pipe;8632;8634;0.05354539;1.05673187;1
1:00:00;10139;Pipe;8634;8636;0.04733476;0.93416345;1
1:00:00;10141;Pipe;8636;8638;0.04304473;0.84949870;1
1:00:00;10143;Pipe;8638;8640;0.03878739;0.76547891;1
1:00:00;10145;Pipe;8640;8642;0.01362072;0.26880839;1
1:00:00;10147;Pipe;8628;8644;0.03866458;1.19227379;1
1:00:00;10149;Pipe;8644;8646;0.03569227;1.10061856;1
1:00:00;10151;Pipe;8646;8648;0.03149550;0.97120556;1
1:00:00;10153;Pipe;8648;8650;0.01788585;0.55153391;1
1:00:00;10155;Pipe;8650;8652;0.01788585;0.55153391;1
1:00:00;10157;Pipe;8652;8654;0.01788585;0.55153391;1
1:00:00;10159;Pipe;8654;8656;0.01788585;0.55153391;1
1:00:00;10161;Pipe;8656;8658;0.01245351;0.38402053;1
1:00:00;10163;Pipe;8658;8660;0.01245351;0.38402053;1
1:00:00;10165;Pipe;8660;8662;0.00912909;0.28150777;1
1:00:00;10167;Pipe;8662;8664;0.00263582;0.08127889;1
1:00:00;10169;Pipe;8660;8666;0.00305227;0.09412070;1
1:00:00;10171;Pipe;8666;8668;0.00305227;0.09412070;1
1:00:00;10173;Pipe;8668;8670;-0.00009279;0.00286115;1
1:00:00;10175;Pipe;8670;8672;-0.00009279;0.00286115;1
1:00:00;10177;Pipe;8672;8674;-0.00936250;0.28870510;1
1:00:00;10179;Pipe;8674;8676;-0.00936250;0.28870510;1
1:00:00;10181;Pipe;8676;8678;-0.00936250;0.28870510;1
1:00:00;10183;Pipe;8678;8680;-0.02285364;0.70472230;1
1:00:00;10185;Pipe;8680;8682;-0.02285364;0.70472230;1
1:00:00;10187;Pipe;8682;8684;-0.02285364;0.70472230;1
1:00:00;10189;Pipe;8684;8686;-0.02285364;0.70472230;1
1:00:00;10191;Pipe;8686;8640;-0.02285364;0.70472230;1
1:00:00;10193;Pipe;8642;8688;0.00119371;0.03680974;1
1:00:00;10195;Pipe;8642;8690;0.00942353;0.29058704;1
1:00:00;10197;Pipe;8690;8692;0.00795675;0.24535688;1
1:00:00;10199;Pipe;8692;8694;0.00743726;0.22933790;1
1:00:00;10201;Pipe;8694;8696;0.00486323;0.14996413;1
1:00:00;10203;Pipe;8696;8698;-0.00500505;0.15433750;1
1:00:00;10205;Pipe;8698;8700;-0.00640070;0.19737397;1
1:00:00;10207;Pipe;8700;8648;-0.01008988;0.31113499;1
1:00:00;10209;Pipe;8696;8702;0.00654104;0.20170169;1
1:00:00;10211;Pipe;8702;8704;0.00464526;0.14324272;1
1:00:00;10213;Pipe;8704;8706;0.00281505;0.08680596;1
1:00:00;10215;Pipe;8706;8708;0.00110127;0.03395911;1
1:00:00;10219;Pipe;8710;8712;-0.00000000;0.00000000;1
1:00:00;10221;Pipe;8712;8714;-0.00000000;0.00000000;1
1:00:00;10223;Pipe;8678;8716;0.01349114;0.41601720;1
1:00:00;10225;Pipe;8716;8718;0.01183813;0.36504457;1
1:00:00;10227;Pipe;8718;8720;0.00993815;0.30645621;1
1:00:00;10229;Pipe;8672;8722;0.00926971;0.28584395;1
1:00:00;10231;Pipe;8722;8724;0.00643035;0.19828848;1
1:00:00;10233;Pipe;8724;8726;0.00643035;0.19828848;1
1:00:00;10235;Pipe;8726;8728;0.00926971;0.28584395;1
1:00:00;10237;Pipe;8728;8730;0.00926971;0.28584395;1
1:00:00;10239;Pipe;8730;8732;0.00685160;0.21127831;1
1:00:00;10241;Pipe;8722;8734;0.00283936;0.08755547;1
1:00:00;10243;Pipe;8734;8792;0.00283936;0.08755547;1
1:00:00;10245;Pipe;8736;8726;0.00283936;0.08755547;1
1:00:00;10247;Pipe;8688;8738;0.00064136;0.07910895;1
1:00:00;10249;Pipe;8708;8740;0.00069691;0.08596120;1
1:00:00;10251;Pipe;8714;8742;-0.00000000;0.00000000;1
1:00:00;10253;Pipe;8720;8744;-0.00000000;0.00000000;1
1:00:00;10255;Pipe;8732;8746;0.00325522;0.40151558;1
1:00:00;10257;Pipe;8710;8682;0.00000000;0.00000000;1
1:00:00;10305;Pipe;8792;8736;0.00283936;0.08755547;1
1:00:00;11059;Pipe;9402;4922;0.48480348;0.54238770;1
1:00:00;11067;Pipe;9410;8596;0.43986229;0.96453260;1
1:00:00;5359;Pipe;4922;9410;0.44385962;1.52077806;1
1:00:00;6210;Pipe;5656;4922;-0.01114257;0.02443349;1
1:00:00;550083;Pipe;880081;9402;0.52482595;0.58716397;1
1:00:00;550084;Pipe;880081;7384;-0.52774179;0.59042616;1
2:00:00;10101;Pipe;8596;8598;0.44260332;6.06589463;1
2:00:00;10103;Pipe;8598;8600;0.26310636;3.60588222;1
2:00:00;10105;Pipe;8600;8602;0.22749359;3.11780799;1
2:00:00;10107;Pipe;8598;8604;0.15156101;4.67358561;1
2:00:00;10109;Pipe;8604;8606;0.11618467;3.58270892;1
2:00:00;10111;Pipe;8606;8608;0.08410887;2.59360913;1
2:00:00;10113;Pipe;8608;8610;0.05291658;1.63175323;1
2:00:00;10115;Pipe;8610;8612;0.03033203;0.93532854;1
2:00:00;10117;Pipe;8612;8614;0.02321373;0.71582629;1
2:00:00;10119;Pipe;8602;8616;0.22303279;4.40160831;1
2:00:00;10121;Pipe;8616;8618;0.17695009;3.49215461;1
2:00:00;10123;Pipe;8618;8620;0.14525909;2.86672484;1
2:00:00;10125;Pipe;8620;8622;0.13673417;2.69848334;1
2:00:00;10127;Pipe;8622;8624;0.12996090;2.56481107;1
2:00:00;10129;Pipe;8624;8626;0.11602472;2.28977719;1
2:00:00;10131;Pipe;8626;8628;0.09682636;1.91089262;1
2:00:00;10133;Pipe;8628;8630;0.06154903;1.21468564;1
2:00:00;10135;Pipe;8630;8632;0.04918809;0.97073940;1
2:00:00;10137;Pipe;8632;8634;0.04670453;0.92172573;1
2:00:00;10139;Pipe;8634;8636;0.04104842;0.81010087;1
2:00:00;10141;Pipe;8636;8638;0.03965026;0.78250790;1
2:00:00;10143;Pipe;8638;8640;0.03675586;0.72538626;1
2:00:00;10145;Pipe;8640;8642;0.01319450;0.26039675;1
2:00:00;10147;Pipe;8628;8644;0.03235876;0.99782539;1
2:00:00;10149;Pipe;8644;8646;0.02972076;0.91647917;1
2:00:00;10151;Pipe;8646;8648;0.02965625;0.91449004;1
2:00:00;10153;Pipe;8648;8650;0.01794099;0.55323426;1
2:00:00;10155;Pipe;8650;8652;0.01794099;0.55323426;1
2:00:00;10157;Pipe;8652;8654;0.01794099;0.55323426;1
2:00:00;10159;Pipe;8654;8656;0.01794099;0.55323426;1
2:00:00;10161;Pipe;8656;8658;0.01154844;0.35611167;1
2:00:00;10163;Pipe;8658;8660;0.01154844;0.35611167;1
2:00:00;10165;Pipe;8660;8662;0.00463993;0.14307828;1
2:00:00;10167;Pipe;8662;8664;0.00212893;0.06564833;1
2:00:00;10169;Pipe;8660;8666;-0.00052837;0.01629291;1
2:00:00;10171;Pipe;8666;8668;-0.00052837;0.01629291;1
2:00:00;10173;Pipe;8668;8670;-0.00341842;0.10541139;1
2:00:00;10175;Pipe;8670;8672;-0.00341842;0.10541139;1
2:00:00;10177;Pipe;8672;8674;-0.00821196;0.25322687;1
2:00:00;10179;Pipe;8674;8676;-0.00821196;0.25322687;1
2:00:00;10181;Pipe;8676;8678;-0.00821196;0.25322687;1
2:00:00;10183;Pipe;8678;8680;-0.02207397;0.68068039;1
2:00:00;10185;Pipe;8680;8682;-0.02207397;0.68068039;1
2:00:00;10187;Pipe;8682;8684;-0.02207397;0.68068039;1
2:00:00;10189;Pipe;8684;8686;-0.02207397;0.68068039;1
2:00:00;10191;Pipe;8686;8640;-0.02207397;0.68068039;1
2:00:00;10193;Pipe;8642;8688;0.00407559;0.12567618;1
2:00:00;10195;Pipe;8642;8690;0.00806259;0.24862071;1
2:00:00;10197;Pipe;8690;8692;0.00471722;0.14546179;1
2:00:00;10199;Pipe;8692;8694;0.00259395;0.07998789;1
2:00:00;10201;Pipe;8694;8696;0.00203494;0.06275014;1
2:00:00;10203;Pipe;8696;8698;-0.00419450;0.12934290;1
2:00:00;10205;Pipe;8698;8700;-0.00541332;0.16692693;1
2:00:00;10207;Pipe;8700;8648;-0.00822741;0.25370327;1
2:00:00;10209;Pipe;8696;8702;0.00501332;0.15459226;1
2:00:00;10211;Pipe;8702;8704;0.00460577;0.14202496;1
2:00:00;10213;Pipe;8704;8706;0.00245907;0.07582870;1
2:00:00;10215;Pipe;8706;8708;0.00131619;0.04058662;1
2:00:00;10219;Pipe;8710;8712;-0.00000000;0.00000000;1
2:00:00;10221;Pipe;8712;8714;-0.00000000;0.00000000;1
2:00:00;10223;Pipe;8678;8716;0.01386201;0.42745352;1
2:00:00;10225;Pipe;8716;8718;0.01363411;0.42042595;1
2:00:00;10227;Pipe;8718;8720;0.00708281;0.21840785;1
2:00:00;10229;Pipe;8672;8722;0.00479355;0.14781548;1
2:00:00;10231;Pipe;8722;8724;0.00332527;0.10253909;1
2:00:00;10233;Pipe;8724;8726;0.00332527;0.10253909;1
2:00:00;10235;Pipe;8726;8728;0.00479355;0.14781548;1
2:00:00;10237;Pipe;8728;8730;0.00479355;0.14781548;1
2:00:00;10239;Pipe;8730;8732;0.00473036;0.14586691;1
2:00:00;10241;Pipe;8722;8734;0.00146828;0.04527639;1
2:00:00;10243;Pipe;8734;8792;0.00146828;0.04527639;1
2:00:00;10245;Pipe;8736;8726;0.00146828;0.04527639;1
2:00:00;10247;Pipe;8688;8738;0.00153658;0.18952961;1
2:00:00;10249;Pipe;8708;8740;0.00001902;0.00234573;1
2:00:00;10251;Pipe;8714;8742;-0.00000000;0.00000000;1
2:00:00;10253;Pipe;8720;8744;-0.00000000;0.00000000;1
2:00:00;10255;Pipe;8732;8746;0.00351886;0.43403532;1
2:00:00;10257;Pipe;8710;8682;0.00000000;0.00000000;1
2:00:00;10305;Pipe;8792;8736;0.00146828;0.04527639;1
2:00:00;11059;Pipe;9402;4922;0.52006563;0.58183824;1
2:00:00;11067;Pipe;9410;8596;0.44329177;0.97205278;1
2:00:00;5359;Pipe;4922;9410;0.45540608;1.56033921;1
2:00:00;6210;Pipe;5656;4922;-0.02340472;0.05132201;1
2:00:00;550083;Pipe;880081;9402;0.56383165;0.63080271;1
2:00:00;550084;Pipe;880081;7384;-0.57571239;0.64409463;1
3:00:00;10101;Pipe;8596;8598;0.43233951;5.92522867;1
3:00:00;10103;Pipe;8598;8600;0.25572628;3.50473802;1
3:00:00;10105;Pipe;8600;8602;0.25544736;3.50091539;1
3:00:00;10107;Pipe;8598;8604;0.14933873;4.60505869;1
3:00:00;10109;Pipe;8604;8606;0.11472093;3.53757279;1
3:00:00;10111;Pipe;8606;8608;0.09892240;3.05040398;1
3:00:00;10113;Pipe;8608;8610;0.05686252;1.75343151;1
3:00:00;10115;Pipe;8610;8612;0.01894705;0.58425758;1
3:00:00;10117;Pipe;8612;8614;0.00229212;0.07068059;1
3:00:00;10119;Pipe;8602;8616;0.21121142;4.16831062;1
3:00:00;10121;Pipe;8616;8618;0.18455061;3.64215279;1
3:00:00;10123;Pipe;8618;8620;0.14921477;2.94479119;1
3:00:00;10125;Pipe;8620;8622;0.12658299;2.49814730;1
3:00:00;10127;Pipe;8622;8624;0.12318313;2.43105014;1
3:00:00;10129;Pipe;8624;8626;0.11243558;2.21894453;1
3:00:00;10131;Pipe;8626;8628;0.11107402;2.19207388;1
3:00:00;10133;Pipe;8628;8630;0.06862225;1.35427740;1
3:00:00;10135;Pipe;8630;8632;0.05933681;1.17102687;1
3:00:00;10137;Pipe;8632;8634;0.05143915;1.01516460;1
3:00:00;10139;Pipe;8634;8636;0.04403280;0.86899834;1
3:00:00;10141;Pipe;8636;8638;0.03998636;0.78914084;1
3:00:00;10143;Pipe;8638;8640;0.03639513;0.71826716;1
3:00:00;10145;Pipe;8640;8642;0.01567267;0.30930417;1
3:00:00;10147;Pipe;8628;8644;0.03845357;1.18576712;1
3:00:00;10149;Pipe;8644;8646;0.03461960;1.06754139;1
3:00:00;10151;Pipe;8646;8648;0.02783703;0.85839179;1
3:00:00;10153;Pipe;8648;8650;0.01837728;0.56668790;1
3:00:00;10155;Pipe;8650;8652;0.01837728;0.56668790;1
3:00:00;10157;Pipe;8652;8654;0.01837728;0.56668790;1
3:00:00;10159;Pipe;8654;8656;0.01837728;0.56668790;1
3:00:00;10161;Pipe;8656;8658;0.01108430;0.34179920;1
3:00:00;10163;Pipe;8658;8660;0.01108430;0.34179920;1
3:00:00;10165;Pipe;8660;8662;0.00860082;0.26521775;1
3:00:00;10167;Pipe;8662;8664;0.00679024;0.20938615;1
3:00:00;10169;Pipe;8660;8666;-0.00594270;0.18325116;1
3:00:00;10171;Pipe;8666;8668;-0.00594270;0.18325116;1
3:00:00;10173;Pipe;8668;8670;-0.00715261;0.22056030;1
3:00:00;10175;Pipe;8670;8672;-0.00715261;0.22056030;1
3:00:00;10177;Pipe;8672;8674;-0.01314330;0.40529123;1
3:00:00;10179;Pipe;8674;8676;-0.01314330;0.40529123;1
3:00:00;10181;Pipe;8676;8678;-0.01314330;0.40529123;1
3:00:00;10183;Pipe;8678;8680;-0.02015025;0.62135966;1
3:00:00;10185;Pipe;8680;8682;-0.02015025;0.62135966;1
3:00:00;10187;Pipe;8682;8684;-0.02015025;0.62135966;1
3:00:00;10189;Pipe;8684;8686;-0.02015025;0.62135966;1
3:00:00;10191;Pipe;8686;8640;-0.02019948;0.62287774;1
3:00:00;10193;Pipe;8642;8688;0.00381050;0.11750186;1
3:00:00;10195;Pipe;8642;8690;0.00746450;0.23017794;1
3:00:00;10197;Pipe;8690;8692;0.00720842;0.22228115;1
3:00:00;10199;Pipe;8692;8694;0.00423790;0.13068120;1
3:00:00;10201;Pipe;8694;8696;0.00243985;0.07523602;1
3:00:00;10203;Pipe;8696;8698;-0.00564422;0.17404713;1
3:00:00;10205;Pipe;8698;8700;-0.00641085;0.19768706;1
3:00:00;10207;Pipe;8700;8648;-0.00789101;0.24332982;1
3:00:00;10209;Pipe;8696;8702;0.00617570;0.19043579;1
3:00:00;10211;Pipe;8702;8704;0.00594538;0.18333367;1
3:00:00;10213;Pipe;8704;8706;0.00578879;0.17850511;1
3:00:00;10215;Pipe;8706;8708;0.00359404;0.11082710;1
3:00:00;10219;Pipe;8710;8712;-0.00000000;0.00000000;1
3:00:00;10221;Pipe;8712;8714;-0.00000000;0.00000000;1
3:00:00;10223;Pipe;8678;8716;0.00700694;0.21606843;1
3:00:00;10225;Pipe;8716;8718;0.00554457;0.17097419;1
3:00:00;10227;Pipe;8718;8720;0.00464079;0.14310493;1
3:00:00;10229;Pipe;8672;8722;0.00599069;0.18473094;1
3:00:00;10231;Pipe;8722;8724;0.00415572;0.12814709;1
3:00:00;10233;Pipe;8724;8726;0.00415572;0.12814709;1
3:00:00;10235;Pipe;8726;8728;0.00599069;0.18473094;1
3:00:00;10237;Pipe;8728;8730;0.00599069;0.18473094;1
3:00:00;10239;Pipe;8730;8732;0.00578681;0.17844402;1
3:00:00;10241;Pipe;8722;8734;0.00183497;0.05658384;1
3:00:00;10243;Pipe;8734;8792;0.00183497;0.05658384;1
3:00:00;10245;Pipe;8736;8726;0.00183497;0.05658384;1
3:00:00;10247;Pipe;8688;8738;0.00213490;0.26333024;1
3:00:00;10249;Pipe;8708;8740;0.00112313;0.13853231;1
3:00:00;10251;Pipe;8714;8742;-0.00000000;0.00000000;1
3:00:00;10253;Pipe;8720;8744;-0.00000000;0.00000000;1
3:00:00;10255;Pipe;8732;8746;0.00383541;0.47307950;1
3:00:00;10257;Pipe;8710;8682;0.00000000;0.00000000;1
3:00:00;10305;Pipe;8792;8736;0.00183497;0.05658384;1
3:00:00;11059;Pipe;9402;4922;0.52015555;0.58193884;1
3:00:00;11067;Pipe;9410;8596;0.45498859;0.99770163;1
3:00:00;5359;Pipe;4922;9410;0.46687688;1.59964117;1
3:00:00;6210;Pipe;5656;4922;-0.03360784;0.07369547;1
3:00:00;550083;Pipe;880081;9402;0.52893120;0.59175685;1
3:00:00;550084;Pipe;880081;7384;-0.55237149;0.61798134;1
4:00:00;10101;Pipe;8596;8598;0.39615473;5.42931498;1
4:00:00;10103;Pipe;8598;8600;0.23088765;3.16432367;1
4:00:00;10105;Pipe;8600;8602;0.20596055;2.82269680;1
4:00:00;10107;Pipe;8598;8604;0.15377348;4.74180992;1
4:00:00;10109;Pipe;8604;8606;0.11077811;3.41599054;1
4:00:00;10111;Pipe;8606;8608;0.09285641;2.86335110;1
4:00:00;10113;Pipe;8608;8610;0.06130679;1.89047649;1
4:00:00;10115;Pipe;8610;8612;0.04230169;1.30442894;1
4:00:00;10117;Pipe;8612;8614;0.01217601;0.37546349;1
4:00:00;10119;Pipe;8602;8616;0.20317002;4.00961154;1
4:00:00;10121;Pipe;8616;8618;0.19289336;3.80679907;1
4:00:00;10123;Pipe;8618;8620;0.15176287;2.99507847;1
4:00:00;10125;Pipe;8620;8622;0.14732881;2.90757121;1
4:00:00;10127;Pipe;8622;8624;0.14311739;2.82445779;1
4:00:00;10129;Pipe;8624;8626;0.12135097;2.39489203;1
4:00:00;10131;Pipe;8626;8628;0.10323066;2.03728309;1
4:00:00;10133;Pipe;8628;8630;0.05877386;1.15991693;1
4:00:00;10135;Pipe;8630;8632;0.05141853;1.01475774;1
4:00:00;10137;Pipe;8632;8634;0.04919278;0.97083184;1
4:00:00;10139;Pipe;8634;8636;0.04235936;0.83597256;1
4:00:00;10141;Pipe;8636;8638;0.04195944;0.82808010;1
4:00:00;10143;Pipe;8638;8640;0.04170915;0.82314067;1
4:00:00;10145;Pipe;8640;8642;0.01694870;0.33448681;1
4:00:00;10147;Pipe;8628;8644;0.03377591;1.04152502;1
4:00:00;10149;Pipe;8644;8646;0.02972645;0.91665469;1
4:00:00;10151;Pipe;8646;8648;0.02880663;0.88829066;1
4:00:00;10153;Pipe;8648;8650;0.01599001;0.49307326;1
4:00:00;10155;Pipe;8650;8652;0.01599001;0.49307326;1
4:00:00;10157;Pipe;8652;8654;0.01599001;0.49307326;1
4:00:00;10159;Pipe;8654;8656;0.01599001;0.49307326;1
4:00:00;10161;Pipe;8656;8658;0.01040579;0.32087648;1
4:00:00;10163;Pipe;8658;8660;0.01040579;0.32087648;1
4:00:00;10165;Pipe;8660;8662;0.00246976;0.07615824;1
4:00:00;10167;Pipe;8662;8664;0.00229812;0.07086561;1
4:00:00;10169;Pipe;8660;8666;0.00484439;0.14938335;1
4:00:00;10171;Pipe;8666;8668;0.00484439;0.14938335;1
4:00:00;10173;Pipe;8668;8670;0.00283118;0.08730333;1
4:00:00;10175;Pipe;8670;8672;0.00283118;0.08730333;1
4:00:00;10177;Pipe;8672;8674;-0.00659390;0.20333168;1
4:00:00;10179;Pipe;8674;8676;-0.00659390;0.20333168;1
4:00:00;10181;Pipe;8676;8678;-0.00659390;0.20333168;1
4:00:00;10183;Pipe;8678;8680;-0.02132428;0.65756258;1
4:00:00;10185;Pipe;8680;8682;-0.02132428;0.65756258;1
4:00:00;10187;Pipe;8682;8684;-0.02132428;0.65756258;1
4:00:00;10189;Pipe;8684;8686;-0.02132428;0.65756258;1
4:00:00;10191;Pipe;8686;8640;-0.02148778;0.66260442;1
4:00:00;10193;Pipe;8642;8688;0.00244431;0.07537364;1
4:00:00;10195;Pipe;8642;8690;0.01247440;0.38466473;1
4:00:00;10197;Pipe;8690;8692;0.01011139;0.31179806;1
4:00:00;10199;Pipe;8692;8694;0.00633466;0.19533764;1
4:00:00;10201;Pipe;8694;8696;0.00320876;0.09894632;1
4:00:00;10203;Pipe;8696;8698;-0.00508347;0.15675552;1
4:00:00;10205;Pipe;8698;8700;-0.00617816;0.19051175;1
4:00:00;10207;Pipe;8700;8648;-0.00857382;0.26438509;1
4:00:00;10209;Pipe;8696;8702;0.00570718;0.17598862;1
4:00:00;10211;Pipe;8702;8704;0.00544200;0.16781132;1
4:00:00;10213;Pipe;8704;8706;0.00364115;0.11227962;1
4:00:00;10215;Pipe;8706;8708;0.00296506;0.09143163;1
4:00:00;10219;Pipe;8710;8712;-0.00000000;0.00000000;1
4:00:00;10221;Pipe;8712;8714;-0.00000000;0.00000000;1
4:00:00;10223;Pipe;8678;8716;0.01473038;0.45423089;1
4:00:00;10225;Pipe;8716;8718;0.01281210;0.39507808;1
4:00:00;10227;Pipe;8718;8720;0.00930869;0.28704596;1
4:00:00;10229;Pipe;8672;8722;0.00942508;0.29063502;1
4:00:00;10231;Pipe;8722;8724;0.00653813;0.20161201;1
4:00:00;10233;Pipe;8724;8726;0.00653813;0.20161201;1
4:00:00;10235;Pipe;8726;8728;0.00942508;0.29063502;1
4:00:00;10237;Pipe;8728;8730;0.00942508;0.29063502;1
4:00:00;10239;Pipe;8730;8732;0.00518265;0.15981391;1
4:00:00;10241;Pipe;8722;8734;0.00288695;0.08902301;1
4:00:00;10243;Pipe;8734;8792;0.00288695;0.08902301;1
4:00:00;10245;Pipe;8736;8726;0.00288695;0.08902301;1
4:00:00;10247;Pipe;8688;8738;0.00183694;0.22657759;1
4:00:00;10249;Pipe;8708;8740;0.00093910;0.11583334;1
4:00:00;10251;Pipe;8714;8742;-0.00000000;0.00000000;1
4:00:00;10253;Pipe;8720;8744;-0.00000000;0.00000000;1
4:00:00;10255;Pipe;8732;8746;0.00410859;0.50677484;1
4:00:00;10257;Pipe;8710;8682;0.00000000;0.00000000;1
4:00:00;10305;Pipe;8792;8736;0.00288695;0.08902301;1
4:00:00;11059;Pipe;9402;4922;0.43617424;0.48798235;1
4:00:00;11067;Pipe;9410;8596;0.41236079;0.90422714;1
4:00:00;5359;Pipe;4922;9410;0.42762630;1.46515851;1
4:00:00;6210;Pipe;5656;4922;-0.00020691;0.00045372;1
4:00:00;550083;Pipe;880081;9402;0.46476471;0.51996876;1
4:00:00;550084;Pipe;880081;7384;-0.47561417;0.53210690;1
5:00:00;10101;Pipe;8596;8598;0.37354879;5.11949980;1
5:00:00;10103;Pipe;8598;8600;0.23546991;3.22712372;1
5:00:00;10105;Pipe;8600;8602;0.22011792;3.01672409;1
5:00:00;10107;Pipe;8598;8604;0.11853018;3.65503582;1
5:00:00;10109;Pipe;8604;8606;0.10489367;3.23453602;1
5:00:00;10111;Pipe;8606;8608;0.09793096;3.01983160;1
5:00:00;10113;Pipe;8608;8610;0.04936526;1.52224363;1
5:00:00;10115;Pipe;8610;8612;0.04494881;1.38605648;1
5:00:00;10117;Pipe;8612;8614;0.04422723;1.36380556;1
5:00:00;10119;Pipe;8602;8616;0.20768866;4.09878813;1
5:00:00;10121;Pipe;8616;8618;0.19537091;3.85569431;1
5:00:00;10123;Pipe;8618;8620;0.17590217;3.47147375;1
5:00:00;10125;Pipe;8620;8622;0.14148770;2.79229554;1
5:00:00;10127;Pipe;8622;8624;0.11772554;2.32334332;1
5:00:00;10129;Pipe;8624;8626;0.10591674;2.09029353;1
5:00:00;10131;Pipe;8626;8628;0.10586899;2.08935115;1
5:00:00;10133;Pipe;8628;8630;0.06251584;1.23376588;1
5:00:00;10135;Pipe;8630;8632;0.05332575;1.05239704;1
5:00:00;10137;Pipe;8632;8634;0.05129274;1.01227519;1
5:00:00;10139;Pipe;8634;8636;0.05046026;0.99584592;1
5:00:00;10141;Pipe;8636;8638;0.04682149;0.92403390;1
5:00:00;10143;Pipe;8638;8640;0.04660554;0.91977206;1
5:00:00;10145;Pipe;8640;8642;0.01778952;0.35108060;1
5:00:00;10147;Pipe;8628;8644;0.03604461;1.11148343;1
5:00:00;10149;Pipe;8644;8646;0.03575336;1.10250249;1
5:00:00;10151;Pipe;8646;8648;0.02672672;0.82415402;1
5:00:00;10153;Pipe;8648;8650;0.01697531;0.52345629;1
5:00:00;10155;Pipe;8650;8652;0.01697531;0.52345629;1
5:00:00;10157;Pipe;8652;8654;0.01697531;0.52345629;1
5:00:00;10159;Pipe;8654;8656;0.01697531;0.52345629;1
5:00:00;10161;Pipe;8656;8658;0.01564391;0.48240085;1
5:00:00;10163;Pipe;8658;8660;0.01564391;0.48240085;1
5:00:00;10165;Pipe;8660;8662;0.00804114;0.24795939;1
5:00:00;10167;Pipe;8662;8664;0.00488950;0.15077427;1
5:00:00;10169;Pipe;8660;8666;0.00028399;0.00875708;1
5:00:00;10171;Pipe;8666;8668;0.00028399;0.00875708;1
5:00:00;10173;Pipe;8668;8670;-0.00182881;0.05639370;1
5:00:00;10175;Pipe;8670;8672;-0.00182881;0.05639370;1
5:00:00;10177;Pipe;8672;8674;-0.00859335;0.26498741;1
5:00:00;10179;Pipe;8674;8676;-0.00859335;0.26498741;1
5:00:00;10181;Pipe;8676;8678;-0.00859335;0.26498741;1
5:00:00;10183;Pipe;8678;8680;-0.02330328;0.71858764;1
5:00:00;10185;Pipe;8680;8682;-0.02330328;0.71858764;1
5:00:00;10187;Pipe;8682;8684;-0.02330328;0.71858764;1
5:00:00;10189;Pipe;8684;8686;-0.02330328;0.71858764;1
5:00:00;10191;Pipe;8686;8640;-0.02330328;0.71858764;1
5:00:00;10193;Pipe;8642;8688;0.00333760;0.10291933;1
5:00:00;10195;Pipe;8642;8690;0.01079335;0.33282743;1
5:00:00;10197;Pipe;8690;8692;0.00780066;0.24054368;1
5:00:00;10199;Pipe;8692;8694;0.00602351;0.18574298;1
5:00:00;10201;Pipe;8694;8696;0.00379056;0.11688711;1
5:00:00;10203;Pipe;8696;8698;-0.00517799;0.15967017;1
5:00:00;10205;Pipe;8698;8700;-0.00618371;0.19068305;1
5:00:00;10207;Pipe;8700;8648;-0.00776339;0.23939436;1
5:00:00;10209;Pipe;8696;8702;0.00869854;0.26823118;1
5:00:00;10211;Pipe;8702;8704;0.00579586;0.17872316;1
5:00:00;10213;Pipe;8704;8706;0.00404335;0.12468196;1
5:00:00;10215;Pipe;8706;8708;0.00280016;0.08634667;1
5:00:00;10219;Pipe;8710;8712;-0.00000000;0.00000000;1
5:00:00;10221;Pipe;8712;8714;-0.00000000;0.00000000;1
5:00:00;10223;Pipe;8678;8716;0.01470993;0.45360024;1
5:00:00;10225;Pipe;8716;8718;0.01428684;0.44055379;1
5:00:00;10227;Pipe;8718;8720;0.00699094;0.21557504;1
5:00:00;10229;Pipe;8672;8722;0.00676454;0.20859370;1
5:00:00;10231;Pipe;8722;8724;0.00469253;0.14470053;1
5:00:00;10233;Pipe;8724;8726;0.00469253;0.14470053;1
5:00:00;10235;Pipe;8726;8728;0.00676454;0.20859370;1
5:00:00;10237;Pipe;8728;8730;0.00676454;0.20859370;1
5:00:00;10239;Pipe;8730;8732;0.00249316;0.07687985;1
5:00:00;10241;Pipe;8722;8734;0.00207201;0.06389318;1
5:00:00;10243;Pipe;8734;8792;0.00207201;0.06389318;1
5:00:00;10245;Pipe;8736;8726;0.00207201;0.06389318;1
5:00:00;10247;Pipe;8688;8738;0.00132003;0.16281893;1
5:00:00;10249;Pipe;8708;8740;0.00082990;0.10236406;1
5:00:00;10251;Pipe;8714;8742;-0.00000000;0.00000000;1
5:00:00;10253;Pipe;8720;8744;-0.00000000;0.00000000;1
5:00:00;10255;Pipe;8732;8746;0.00074677;0.09211001;1
5:00:00;10257;Pipe;8710;8682;0.00000000;0.00000000;1
5:00:00;10305;Pipe;8792;8736;0.00207201;0.06389318;1
5:00:00;11059;Pipe;9402;4922;0.47270273;0.52884964;1
5:00:00;11067;Pipe;9410;8596;0.39116656;0.85775230;1
5:00:00;5359;Pipe;4922;9410;0.43287001;1.48312480;1
5:00:00;6210;Pipe;5656;4922;-0.01604121;0.03517526;1
5:00:00;550083;Pipe;880081;9402;0.50890130;0.56934782;1
5:00:00;550084;Pipe;880081;7384;-0.51157319;0.57233708;1
6:00:00;10101;Pipe;8596;8598;0.39266896;5.38154240;1
6:00:00;10103;Pipe;8598;8600;0.25299579;3.46731654;1
6:00:00;10105;Pipe;8600;8602;0.22236930;3.04757937;1
6:00:00;10107;Pipe;8598;8604;0.13221318;4.07696960;1
6:00:00;10109;Pipe;8604;8606;0.10685775;3.29510103;1
6:00:00;10111;Pipe;8606;8608;0.08441652;2.60309580;1
6:00:00;10113;Pipe;8608;8610;0.06397379;1.97271693;1
6:00:00;10115;Pipe;8610;8612;0.05701367;1.75809235;1
6:00:00;10117;Pipe;8612;8614;0.02286514;0.70507698;1
6:00:00;10119;Pipe;8602;8616;0.19432925;3.83513675;1
6:00:00;10121;Pipe;8616;8618;0.18587336;3.66825763;1
6:00:00;10123;Pipe;8618;8620;0.15340012;3.02739011;1
6:00:00;10125;Pipe;8620;8622;0.14647486;2.89071835;1
6:00:00;10127;Pipe;8622;8624;0.13820005;2.72741284;1
6:00:00;10129;Pipe;8624;8626;0.13669331;2.69767698;1
6:00:00;10131;Pipe;8626;8628;0.11642171;2.29761177;1
6:00:00;10133;Pipe;8628;8630;0.06871484;1.35610475;1
6:00:00;10135;Pipe;8630;8632;0.06522573;1.28724626;1
6:00:00;10137;Pipe;8632;8634;0.06492642;1.28133932;1
6:00:00;10139;Pipe;8634;8636;0.06487652;1.28035449;1
6:00:00;10141;Pipe;8636;8638;0.06355065;1.25418810;1
6:00:00;10143;Pipe;8638;8640;0.06085218;1.20093315;1
6:00:00;10145;Pipe;8640;8642;0.02893219;0.57098408;1
6:00:00;10147;Pipe;8628;8644;0.04532428;1.39763462;1
6:00:00;10149;Pipe;8644;8646;0.03704407;1.14230335;1
6:00:00;10151;Pipe;8646;8648;0.03360209;1.03616507;1
6:00:00;10153;Pipe;8648;8650;0.01783106;0.54984455;1
6:00:00;10155;Pipe;8650;8652;0.01783106;0.54984455;1
6:00:00;10157;Pipe;8652;8654;0.01783106;0.54984455;1
6:00:00;10159;Pipe;8654;8656;0.01783106;0.54984455;1
6:00:00;10161;Pipe;8656;8658;0.01499382;0.46235448;1
6:00:00;10163;Pipe;8658;8660;0.01499382;0.46235448;1
6:00:00;10165;Pipe;8660;8662;0.00819560;0.25272221;1
6:00:00;10167;Pipe;8662;8664;0.00642668;0.19817519;1
6:00:00;10169;Pipe;8660;8666;-0.00169826;0.05236816;1
6:00:00;10171;Pipe;8666;8668;-0.00169826;0.05236816;1
6:00:00;10173;Pipe;8668;8670;-0.00208656;0.06434182;1
6:00:00;10175;Pipe;8670;8672;-0.00208656;0.06434182;1
6:00:00;10177;Pipe;8672;8674;-0.00736083;0.22698097;1
6:00:00;10179;Pipe;8674;8676;-0.00736083;0.22698097;1
6:00:00;10181;Pipe;8676;8678;-0.00736083;0.22698097;1
6:00:00;10183;Pipe;8678;8680;-0.02488509;0.76736486;1
6:00:00;10185;Pipe;8680;8682;-0.02488509;0.76736486;1
6:00:00;10187;Pipe;8682;8684;-0.02488509;0.76736486;1
6:00:00;10189;Pipe;8684;8686;-0.02488509;0.76736486;1
6:00:00;10191;Pipe;8686;8640;-0.02695487;0.83118917;1
6:00:00;10193;Pipe;8642;8688;0.00607237;0.18724969;1
6:00:00;10195;Pipe;8642;8690;0.01777847;0.54822274;1
6:00:00;10197;Pipe;8690;8692;0.01279944;0.39468790;1
6:00:00;10199;Pipe;8692;8694;0.01240556;0.38254181;1
6:00:00;10201;Pipe;8694;8696;0.00744407;0.22954782;1
6:00:00;10203;Pipe;8696;8698;-0.00298906;0.09217159;1
6:00:00;10205;Pipe;8698;8700;-0.00810759;0.25000841;1
6:00:00;10207;Pipe;8700;8648;-0.01361516;0.41984148;1
6:00:00;10209;Pipe;8696;8702;0.01004617;0.30978712;1
6:00:00;10211;Pipe;8702;8704;0.00786632;0.24256838;1
6:00:00;10213;Pipe;8704;8706;0.00680397;0.20980941;1
6:00:00;10215;Pipe;8706;8708;0.00392344;0.12098455;1
6:00:00;10219;Pipe;8710;8712;-0.00000000;0.00000000;1
6:00:00;10221;Pipe;8712;8714;-0.00000000;0.00000000;1
6:00:00;10223;Pipe;8678;8716;0.01752426;0.54038390;1
6:00:00;10225;Pipe;8716;8718;0.01633260;0.50363758;1
6:00:00;10227;Pipe;8718;8720;0.00734417;0.22646720;1
6:00:00;10229;Pipe;8672;8722;0.00527427;0.16263915;1
6:00:00;10231;Pipe;8722;8724;0.00365874;0.11282217;1
6:00:00;10233;Pipe;8724;8726;0.00365874;0.11282217;1
6:00:00;10235;Pipe;8726;8728;0.00527427;0.16263915;1
6:00:00;10237;Pipe;8728;8730;0.00527427;0.16263915;1
6:00:00;10239;Pipe;8730;8732;0.00236132;0.07281444;1
6:00:00;10241;Pipe;8722;8734;0.00161553;0.04981698;1
6:00:00;10243;Pipe;8734;8792;0.00161553;0.04981698;1
6:00:00;10245;Pipe;8736;8726;0.00161553;0.04981698;1
6:00:00;10247;Pipe;8688;8738;0.00265797;0.32784774;1
6:00:00;10249;Pipe;8708;8740;0.00121461;0.14981682;1
6:00:00;10251;Pipe;8714;8742;-0.00000000;0.00000000;1
6:00:00;10253;Pipe;8720;8744;-0.00000000;0.00000000;1
6:00:00;10255;Pipe;8732;8746;0.00138850;0.17126477;1
6:00:00;10257;Pipe;8710;8682;0.00000000;0.00000000;1
6:00:00;10305;Pipe;8792;8736;0.00161553;0.04981698;1
6:00:00;11059;Pipe;9402;4922;0.47751997;0.53423907;1
6:00:00;11067;Pipe;9410;8596;0.39586443;0.86805382;1
6:00:00;5359;Pipe;4922;9410;0.41565540;1.42414308;1
6:00:00;6210;Pipe;5656;4922;-0.03627841;0.07955150;1
6:00:00;550083;Pipe;880081;9402;0.48713486;0.54499600;1
6:00:00;550084;Pipe;880081;7384;-0.49342559;0.55203394;1
7:00:00;10101;Pipe;8596;8598;0.47982563;6.57602768;1
7:00:00;10103;Pipe;8598;8600;0.30584632;4.19163492;1
7:00:00;10105;Pipe;8600;8602;0.26389544;3.61669658;1
7:00:00;10107;Pipe;8598;8604;0.16999932;5.24215554;1
7:00:00;10109;Pipe;8604;8606;0.13886129;4.28197298;1
7:00:00;10111;Pipe;8606;8608;0.10118940;3.12030993;1
7:00:00;10113;Pipe;8608;8610;0.07011741;2.16216374;1
7:00:00;10115;Pipe;8610;8612;0.03486573;1.07513125;1
7:00:00;10117;Pipe;8612;8614;0.00797577;0.24594362;1
7:00:00;10119;Pipe;8602;8616;0.21433261;4.22990819;1
7:00:00;10121;Pipe;8616;8618;0.19531070;3.85450599;1
7:00:00;10123;Pipe;8618;8620;0.15935318;3.14487520;1
7:00:00;10125;Pipe;8620;8622;0.12718375;2.51000338;1
7:00:00;10127;Pipe;8622;8624;0.11117735;2.19411307;1
7:00:00;10129;Pipe;8624;8626;0.11058665;2.18245546;1
7:00:00;10131;Pipe;8626;8628;0.09283720;1.83216562;1
7:00:00;10133;Pipe;8628;8630;0.05669642;1.11891811;1
7:00:00;10135;Pipe;8630;8632;0.04996149;0.98600265;1
7:00:00;10137;Pipe;8632;8634;0.04562229;0.90036737;1
7:00:00;10139;Pipe;8634;8636;0.04412275;0.87077366;1
7:00:00;10141;Pipe;8636;8638;0.04301288;0.84887004;1
7:00:00;10143;Pipe;8638;8640;0.04073392;0.80389425;1
7:00:00;10145;Pipe;8640;8642;0.01753507;0.34605899;1
7:00:00;10147;Pipe;8628;8644;0.03390719;1.04557326;1
7:00:00;10149;Pipe;8644;8646;0.02894743;0.89263246;1
7:00:00;10151;Pipe;8646;8648;0.02479122;0.76447029;1
7:00:00;10153;Pipe;8648;8650;0.01591556;0.49077747;1
7:00:00;10155;Pipe;8650;8652;0.01591556;0.49077747;1
7:00:00;10157;Pipe;8652;8654;0.01591556;0.49077747;1
7:00:00;10159;Pipe;8654;8656;0.01591556;0.49077747;1
7:00:00;10161;Pipe;8656;8658;0.01375826;0.42425425;1
7:00:00;10163;Pipe;8658;8660;0.01375826;0.42425425;1
7:00:00;10165;Pipe;8660;8662;0.01354401;0.41764773;1
7:00:00;10167;Pipe;8662;8664;0.00588617;0.18150780;1
7:00:00;10169;Pipe;8660;8666;-0.00137569;0.04242121;1
7:00:00;10171;Pipe;8666;8668;-0.00137569;0.04242121;1
7:00:00;10173;Pipe;8668;8670;-0.00482214;0.14869713;1
7:00:00;10175;Pipe;8670;8672;-0.00482214;0.14869713;1
7:00:00;10177;Pipe;8672;8674;-0.01045588;0.32242092;1
7:00:00;10179;Pipe;8674;8676;-0.01045588;0.32242092;1
7:00:00;10181;Pipe;8676;8678;-0.01045588;0.32242092;1
7:00:00;10183;Pipe;8678;8680;-0.02059278;0.63500585;1
7:00:00;10185;Pipe;8680;8682;-0.02059278;0.63500585;1
7:00:00;10187;Pipe;8682;8684;-0.02059278;0.63500585;1
7:00:00;10189;Pipe;8684;8686;-0.02059278;0.63500585;1
7:00:00;10191;Pipe;8686;8640;-0.02072979;0.63923064;1
7:00:00;10193;Pipe;8642;8688;0.00492447;0.15185273;1
7:00:00;10195;Pipe;8642;8690;0.01021192;0.31489822;1
7:00:00;10197;Pipe;8690;8692;0.00780677;0.24073217;1
7:00:00;10199;Pipe;8692;8694;0.00449268;0.13853765;1
7:00:00;10201;Pipe;8694;8696;0.00191884;0.05916994;1
7:00:00;10203;Pipe;8696;8698;-0.00435254;0.13421644;1
7:00:00;10205;Pipe;8698;8700;-0.00555747;0.17137213;1
7:00:00;10207;Pipe;8700;8648;-0.00644005;0.19858745;1
7:00:00;10209;Pipe;8696;8702;0.00508811;0.15689854;1
7:00:00;10211;Pipe;8702;8704;0.00396116;0.12214761;1
7:00:00;10213;Pipe;8704;8706;0.00223748;0.06899573;1
7:00:00;10215;Pipe;8706;8708;0.00120136;0.03704552;1
7:00:00;10219;Pipe;8710;8712;-0.00000000;0.00000000;1
7:00:00;10221;Pipe;8712;8714;-0.00000000;0.00000000;1
7:00:00;10223;Pipe;8678;8716;0.01013690;0.31258494;1
7:00:00;10225;Pipe;8716;8718;0.00542971;0.16743223;1
7:00:00;10227;Pipe;8718;8720;0.00258739;0.07978567;1
7:00:00;10229;Pipe;8672;8722;0.00563374;0.17372378;1
7:00:00;10231;Pipe;8722;8724;0.00390810;0.12051151;1
7:00:00;10233;Pipe;8724;8726;0.00390810;0.12051151;1
7:00:00;10235;Pipe;8726;8728;0.00563374;0.17372378;1
7:00:00;10237;Pipe;8728;8730;0.00563374;0.17372378;1
7:00:00;10239;Pipe;8730;8732;0.00067997;0.02096769;1
7:00:00;10241;Pipe;8722;8734;0.00172564;0.05321228;1
7:00:00;10243;Pipe;8734;8792;0.00172564;0.05321228;1
7:00:00;10245;Pipe;8736;8726;0.00172564;0.05321228;1
7:00:00;10247;Pipe;8688;8738;0.00219018;0.27014815;1
7:00:00;10249;Pipe;8708;8740;0.00083689;0.10322651;1
7:00:00;10251;Pipe;8714;8742;-0.00000000;0.00000000;1
7:00:00;10253;Pipe;8720;8744;-0.00000000;0.00000000;1
7:00:00;10255;Pipe;8732;8746;0.00032091;0.03958274;1
7:00:00;10257;Pipe;8710;8682;0.00000000;0.00000000;1
7:00:00;10305;Pipe;8792;8736;0.00172564;0.05321228;1
7:00:00;11059;Pipe;9402;4922;0.56150713;0.62820210;1
7:00:00;11067;Pipe;9410;8596;0.51398267;1.12706420;1
7:00:00;5359;Pipe;4922;9410;0.52018646;1.78229359;1
7:00:00;6210;Pipe;5656;4922;-0.01797975;0.03942609;1
7:00:00;550083;Pipe;880081;9402;0.59704080;0.66795640;1
7:00:00;550084;Pipe;880081;7384;-0.61534964;0.68843993;1
8:00:00;10101;Pipe;8596;8598;0.38651055;5.29714115;1
8:00:00;10103;Pipe;8598;8600;0.25982444;3.56090344;1
8:00:00;10105;Pipe;8600;8602;0.24162401;3.31146581;1
8:00:00;10107;Pipe;8598;8604;0.11492680;3.54392083;1
8:00:00;10109;Pipe;8604;8606;0.09374275;2.89068249;1
8:00:00;10111;Pipe;8606;8608;0.08394753;2.58863385;1
8:00:00;10113;Pipe;8608;8610;0.05153006;1.58899797;1
8:00:00;10115;Pipe;8610;8612;0.04438588;1.36869771;1
8:00:00;10117;Pipe;8612;8614;0.01552763;0.47881502;1
8:00:00;10119;Pipe;8602;8616;0.20349466;4.01601854;1
8:00:00;10121;Pipe;8616;8618;0.19799030;3.90738854;1
8:00:00;10123;Pipe;8618;8620;0.16776677;3.31091964;1
8:00:00;10125;Pipe;8620;8622;0.15796871;3.11755239;1
8:00:00;10127;Pipe;8622;8624;0.13264510;2.61778447;1
8:00:00;10129;Pipe;8624;8626;0.11716442;2.31226938;1
8:00:00;10131;Pipe;8626;8628;0.10638761;2.09958629;1
8:00:00;10133;Pipe;8628;8630;0.05885369;1.16149238;1
8:00:00;10135;Pipe;8630;8632;0.04916136;0.97021183;1
8:00:00;10137;Pipe;8632;8634;0.04236137;0.83601229;1
8:00:00;10139;Pipe;8634;8636;0.03635815;0.71753717;1
8:00:00;10141;Pipe;8636;8638;0.03361397;0.66338017;1
8:00:00;10143;Pipe;8638;8640;0.03118632;0.61546988;1
8:00:00;10145;Pipe;8640;8642;0.00765904;0.15115315;1
8:00:00;10147;Pipe;8628;8644;0.03105521;0.95762874;1
8:00:00;10149;Pipe;8644;8646;0.03034924;0.93585910;1
8:00:00;10151;Pipe;8646;8648;0.02561893;0.78999385;1
8:00:00;10153;Pipe;8648;8650;0.01781678;0.54940422;1
8:00:00;10155;Pipe;8650;8652;0.01781678;0.54940422;1
8:00:00;10157;Pipe;8652;8654;0.01781678;0.54940422;1
8:00:00;10159;Pipe;8654;8656;0.01781678;0.54940423;1
8:00:00;10161;Pipe;8656;8658;0.01374681;0.42390110;1
8:00:00;10163;Pipe;8658;8660;0.01374681;0.42390110;1
8:00:00;10165;Pipe;8660;8662;0.01206632;0.37208093;1
8:00:00;10167;Pipe;8662;8664;0.00712916;0.21983704;1
8:00:00;10169;Pipe;8660;8666;-0.00273281;0.08426971;1
8:00:00;10171;Pipe;8666;8668;-0.00273281;0.08426971;1
8:00:00;10173;Pipe;8668;8670;-0.00273281;0.08426971;1
8:00:00;10175;Pipe;8670;8672;-0.00273281;0.08426971;1
8:00:00;10177;Pipe;8672;8674;-0.00894953;0.27597063;1
8:00:00;10179;Pipe;8674;8676;-0.00894953;0.27597063;1
8:00:00;10181;Pipe;8676;8678;-0.00894953;0.27597063;1
8:00:00;10183;Pipe;8678;8680;-0.02258437;0.69641923;1
8:00:00;10185;Pipe;8680;8682;-0.02258437;0.69641923;1
8:00:00;10187;Pipe;8682;8684;-0.02258437;0.69641923;1
8:00:00;10189;Pipe;8684;8686;-0.02258437;0.69641923;1
8:00:00;10191;Pipe;8686;8640;-0.02258437;0.69641923;1
8:00:00;10193;Pipe;8642;8688;0.00211239;0.06513840;1
8:00:00;10195;Pipe;8642;8690;0.00455195;0.14036552;1
8:00:00;10197;Pipe;8690;8692;0.00345548;0.10655441;1
8:00:00;10199;Pipe;8692;8694;0.00149801;0.04619309;1
8:00:00;10201;Pipe;8694;8696;0.00020038;0.00617890;1
8:00:00;10203;Pipe;8696;8698;-0.00330259;0.10183983;1
8:00:00;10205;Pipe;8698;8700;-0.00464941;0.14337069;1
8:00:00;10207;Pipe;8700;8648;-0.00530843;0.16369236;1
8:00:00;10209;Pipe;8696;8702;0.00252942;0.07799808;1
8:00:00;10211;Pipe;8702;8704;0.00213053;0.06569770;1
8:00:00;10213;Pipe;8704;8706;0.00169538;0.05227944;1
8:00:00;10215;Pipe;8706;8708;0.00035419;0.01092193;1
8:00:00;10219;Pipe;8710;8712;-0.00000000;0.00000000;1
8:00:00;10221;Pipe;8712;8714;-0.00000000;0.00000000;1
8:00:00;10223;Pipe;8678;8716;0.01363484;0.42044860;1
8:00:00;10225;Pipe;8716;8718;0.01363484;0.42044860;1
8:00:00;10227;Pipe;8718;8720;0.00677976;0.20906290;1
8:00:00;10229;Pipe;8672;8722;0.00621672;0.19170092;1
8:00:00;10231;Pipe;8722;8724;0.00431251;0.13298212;1
8:00:00;10233;Pipe;8724;8726;0.00431251;0.13298212;1
8:00:00;10235;Pipe;8726;8728;0.00621672;0.19170092;1
8:00:00;10237;Pipe;8728;8730;0.00621672;0.19170092;1
8:00:00;10239;Pipe;8730;8732;0.00434318;0.13392767;1
8:00:00;10241;Pipe;8722;8734;0.00190421;0.05871880;1
8:00:00;10243;Pipe;8734;8792;0.00190421;0.05871880;1
8:00:00;10245;Pipe;8736;8726;0.00190421;0.05871880;1
8:00:00;10247;Pipe;8688;8738;0.00091281;0.11259067;1
8:00:00;10249;Pipe;8708;8740;0.00026998;0.03330099;1
8:00:00;10251;Pipe;8714;8742;-0.00000000;0.00000000;1
8:00:00;10253;Pipe;8720;8744;-0.00000000;0.00000000;1
8:00:00;10255;Pipe;8732;8746;0.00056932;0.07022265;1
8:00:00;10257;Pipe;8710;8682;0.00000000;0.00000000;1
8:00:00;10305;Pipe;8792;8736;0.00190421;0.05871880;1
8:00:00;11059;Pipe;9402;4922;0.51494764;0.57611234;1
8:00:00;11067;Pipe;9410;8596;0.40766755;0.89393577;1
8:00:00;5359;Pipe;4922;9410;0.45587160;1.56193422;1
8:00:00;6210;Pipe;5656;4922;-0.00955024;0.02094183;1
8:00:00;550083;Pipe;880081;9402;0.53727031;0.60108646;1
8:00:00;550084;Pipe;880081;7384;-0.54343891;0.60798776;1
9:00:00;10101;Pipe;8596;8598;0.42780295;5.86305502;1
9:00:00;10103;Pipe;8598;8600;0.23554071;3.22809395;1
9:00:00;10105;Pipe;8600;8602;0.21819536;2.99037530;1
9:00:00;10107;Pipe;8598;8604;0.16258611;5.01355931;1
9:00:00;10109;Pipe;8604;8606;0.13270924;4.09226606;1
9:00:00;10111;Pipe;8606;8608;0.10948329;3.37606303;1
9:00:00;10113;Pipe;8608;8610;0.07006795;2.16063854;1
9:00:00;10115;Pipe;8610;8612;0.04229708;1.30428676;1
9:00:00;10117;Pipe;8612;8614;0.00649470;0.20027273;1
9:00:00;10119;Pipe;8602;8616;0.21108818;4.16587854;1
9:00:00;10121;Pipe;8616;8618;0.18936551;3.73717622;1
9:00:00;10123;Pipe;8618;8620;0.17073579;3.36951396;1
9:00:00;10125;Pipe;8620;8622;0.14019377;2.76675951;1
9:00:00;10127;Pipe;8622;8624;0.11682817;2.30563344;1
9:00:00;10129;Pipe;8624;8626;0.10858262;2.14290532;1
9:00:00;10131;Pipe;8626;8628;0.09473807;1.86967976;1
9:00:00;10133;Pipe;8628;8630;0.05165819;1.01948750;1
9:00:00;10135;Pipe;8630;8632;0.04844703;0.95611431;1
9:00:00;10137;Pipe;8632;8634;0.04050611;0.79939832;1
9:00:00;10139;Pipe;8634;8636;0.03765155;0.74306277;1
9:00:00;10141;Pipe;8636;8638;0.03672663;0.72480926;1
9:00:00;10143;Pipe;8638;8640;0.03487263;0.68822010;1
9:00:00;10145;Pipe;8640;8642;0.01005384;0.19841508;1
9:00:00;10147;Pipe;8628;8644;0.03050168;0.94055995;1
9:00:00;10149;Pipe;8644;8646;0.02807807;0.86582464;1
9:00:00;10151;Pipe;8646;8648;0.02305946;0.71106919;1
9:00:00;10153;Pipe;8648;8650;0.01780046;0.54890095;1
9:00:00;10155;Pipe;8650;8652;0.01780046;0.54890095;1
9:00:00;10157;Pipe;8652;8654;0.01780046;0.54890095;1
9:00:00;10159;Pipe;8654;8656;0.01780046;0.54890095;1
9:00:00;10161;Pipe;8656;8658;0.01180599;0.36405332;1
9:00:00;10163;Pipe;8658;8660;0.01180599;0.36405332;1
9:00:00;10165;Pipe;8660;8662;0.00769224;0.23720047;1
9:00:00;10167;Pipe;8662;8664;0.00218366;0.06733609;1
9:00:00;10169;Pipe;8660;8666;-0.00307577;0.09484534;1
9:00:00;10171;Pipe;8666;8668;-0.00307577;0.09484534;1
9:00:00;10173;Pipe;8668;8670;-0.00316558;0.09761480;1
9:00:00;10175;Pipe;8670;8672;-0.00316558;0.09761480;1
9:00:00;10177;Pipe;8672;8674;-0.01008308;0.31092534;1
9:00:00;10179;Pipe;8674;8676;-0.01008308;0.31092534;1
9:00:00;10181;Pipe;8676;8678;-0.01008308;0.31092534;1
9:00:00;10183;Pipe;8678;8680;-0.02209129;0.68121428;1
9:00:00;10185;Pipe;8680;8682;-0.02209129;0.68121428;1
9:00:00;10187;Pipe;8682;8684;-0.02209129;0.68121428;1
9:00:00;10189;Pipe;8684;8686;-0.02209129;0.68121428;1
9:00:00;10191;Pipe;8686;8640;-0.02209129;0.68121428;1
9:00:00;10193;Pipe;8642;8688;0.00223277;0.06885042;1
9:00:00;10195;Pipe;8642;8690;0.00611562;0.18858319;1
9:00:00;10197;Pipe;8690;8692;0.00493596;0.15220684;1
9:00:00;10199;Pipe;8692;8694;0.00426877;0.13163325;1
9:00:00;10201;Pipe;8694;8696;0.00335374;0.10341709;1
9:00:00;10203;Pipe;8696;8698;-0.00061928;0.01909639;1
9:00:00;10205;Pipe;8698;8700;-0.00208744;0.06436913;1
9:00:00;10207;Pipe;8700;8648;-0.00297663;0.09178848;1
9:00:00;10209;Pipe;8696;8702;0.00289486;0.08926700;1
9:00:00;10211;Pipe;8702;8704;0.00208968;0.06443804;1
9:00:00;10213;Pipe;8704;8706;0.00158283;0.04880880;1
9:00:00;10215;Pipe;8706;8708;0.00085152;0.02625781;1
9:00:00;10219;Pipe;8710;8712;-0.00000000;0.00000000;1
9:00:00;10221;Pipe;8712;8714;-0.00000000;0.00000000;1
9:00:00;10223;Pipe;8678;8716;0.01200820;0.37028894;1
9:00:00;10225;Pipe;8716;8718;0.01108541;0.34183323;1
9:00:00;10227;Pipe;8718;8720;0.01084753;0.33449815;1
9:00:00;10229;Pipe;8672;8722;0.00691751;0.21331054;1
9:00:00;10231;Pipe;8722;8724;0.00479864;0.14797257;1
9:00:00;10233;Pipe;8724;8726;0.00479864;0.14797257;1
9:00:00;10235;Pipe;8726;8728;0.00691751;0.21331054;1
9:00:00;10237;Pipe;8728;8730;0.00691751;0.21331054;1
9:00:00;10239;Pipe;8730;8732;0.00603290;0.18603248;1
9:00:00;10241;Pipe;8722;8734;0.00211886;0.06533798;1
9:00:00;10243;Pipe;8734;8792;0.00211886;0.06533798;1
9:00:00;10245;Pipe;8736;8726;0.00211886;0.06533798;1
9:00:00;10247;Pipe;8688;8738;0.00110850;0.13672857;1
9:00:00;10249;Pipe;8708;8740;0.00052225;0.06441688;1
9:00:00;10251;Pipe;8714;8742;-0.00000000;0.00000000;1
9:00:00;10253;Pipe;8720;8744;-0.00000000;0.00000000;1
9:00:00;10255;Pipe;8732;8746;0.00296832;0.36612794;1
9:00:00;10257;Pipe;8710;8682;0.00000000;0.00000000;1
9:00:00;10305;Pipe;8792;8736;0.00211886;0.06533798;1
9:00:00;11059;Pipe;9402;4922;0.52192042;0.58391333;1
9:00:00;11067;Pipe;9410;8596;0.47374751;1.03883629;1
9:00:00;5359;Pipe;4922;9410;0.48048192;1.64625555;1
9:00:00;6210;Pipe;5656;4922;-0.00087235;0.00191289;1
9:00:00;550083;Pipe;880081;9402;0.55131583;0.61680028;1
9:00:00;550084;Pipe;880081;7384;-0.57223431;0.64020343;1
10:00:00;10101;Pipe;8596;8598;0.48837016;6.69313078;1
10:00:00;10103;Pipe;8598;8600;0.29980743;4.10887172;1
10:00:00;10105;Pipe;8600;8602;0.25117658;3.44238419;1
10:00:00;10107;Pipe;8598;8604;0.15674520;4.83344706;1
10:00:00;10109;Pipe;8604;8606;0.14453066;4.45679551;1
10:00:00;10111;Pipe;8606;8608;0.10760900;3.31826683;1
10:00:00;10113;Pipe;8608;8610;0.06477280;1.99735560;1
10:00:00;10115;Pipe;8610;8612;0.05394657;1.66351449;1
10:00:00;10117;Pipe;8612;8614;0.03237927;0.99845799;1
10:00:00;10119;Pipe;8602;8616;0.22359587;4.41272094;1
10:00:00;10121;Pipe;8616;8618;0.17722343;3.49754905;1
10:00:00;10123;Pipe;8618;8620;0.15211612;3.00205000;1
10:00:00;10125;Pipe;8620;8622;0.13708798;2.70546580;1
10:00:00;10127;Pipe;8622;8624;0.11153576;2.20118640;1
10:00:00;10129;Pipe;8624;8626;0.10052770;1.98393958;1
10:00:00;10131;Pipe;8626;8628;0.09491108;1.87309402;1
10:00:00;10133;Pipe;8628;8630;0.05509960;1.08740455;1
10:00:00;10135;Pipe;8630;8632;0.04867457;0.96060493;1
10:00:00;10137;Pipe;8632;8634;0.04383895;0.86517278;1
10:00:00;10139;Pipe;8634;8636;0.04000200;0.78944951;1
10:00:00;10141;Pipe;8636;8638;0.03972278;0.78393907;1
10:00:00;10143;Pipe;8638;8640;0.03828356;0.75553574;1
10:00:00;10145;Pipe;8640;8642;0.01597407;0.31525233;1
10:00:00;10147;Pipe;8628;8644;0.03346739;1.03201148;1
10:00:00;10149;Pipe;8644;8646;0.02766776;0.85317228;1
10:00:00;10151;Pipe;8646;8648;0.02289847;0.70610493;1
10:00:00;10153;Pipe;8648;8650;0.01603982;0.49460919;1
10:00:00;10155;Pipe;8650;8652;0.01603982;0.49460919;1
10:00:00;10157;Pipe;8652;8654;0.01603982;0.49460919;1
10:00:00;10159;Pipe;8654;8656;0.01603982;0.49460919;1
10:00:00;10161;Pipe;8656;8658;0.01335204;0.41172794;1
10:00:00;10163;Pipe;8658;8660;0.01335204;0.41172794;1
10:00:00;10165;Pipe;8660;8662;0.01487430;0.45866874;1
10:00:00;10167;Pipe;8662;8664;0.00739636;0.22807669;1
10:00:00;10169;Pipe;8660;8666;-0.00156973;0.04840459;1
10:00:00;10171;Pipe;8666;8668;-0.00156973;0.04840459;1
10:00:00;10173;Pipe;8668;8670;-0.00211761;0.06529921;1
10:00:00;10175;Pipe;8670;8672;-0.00211761;0.06529921;1
10:00:00;10177;Pipe;8672;8674;-0.00991584;0.30576800;1
10:00:00;10179;Pipe;8674;8676;-0.00991584;0.30576800;1
10:00:00;10181;Pipe;8676;8678;-0.00991584;0.30576800;1
10:00:00;10183;Pipe;8678;8680;-0.02134470;0.65819218;1
10:00:00;10185;Pipe;8680;8682;-0.02134470;0.65819218;1
10:00:00;10187;Pipe;8682;8684;-0.02134470;0.65819218;1
10:00:00;10189;Pipe;8684;8686;-0.02134470;0.65819218;1
10:00:00;10191;Pipe;8686;8640;-0.02134470;0.65819218;1
10:00:00;10193;Pipe;8642;8688;0.00141422;0.04360929;1
10:00:00;10195;Pipe;8642;8690;0.01034533;0.31901216;1
10:00:00;10197;Pipe;8690;8692;0.00772520;0.23821698;1
10:00:00;10199;Pipe;8692;8694;0.00640207;0.19741622;1
10:00:00;10201;Pipe;8694;8696;0.00351285;0.10832351;1
10:00:00;10203;Pipe;8696;8698;-0.00385852;0.11898249;1
10:00:00;10205;Pipe;8698;8700;-0.00413957;0.12764924;1
10:00:00;10207;Pipe;8700;8648;-0.00501316;0.15458739;1
10:00:00;10209;Pipe;8696;8702;0.00471809;0.14548847;1
10:00:00;10211;Pipe;8702;8704;0.00332247;0.10245264;1
10:00:00;10213;Pipe;8704;8706;0.00240462;0.07414976;1
10:00:00;10215;Pipe;8706;8708;0.00082617;0.02547612;1
10:00:00;10219;Pipe;8710;8712;-0.00000000;0.00000000;1
10:00:00;10221;Pipe;8712;8714;-0.00000000;0.00000000;1
10:00:00;10223;Pipe;8678;8716;0.01142886;0.35242417;1
10:00:00;10225;Pipe;8716;8718;0.01067774;0.32926248;1
10:00:00;10227;Pipe;8718;8720;0.00356391;0.10989781;1
10:00:00;10229;Pipe;8672;8722;0.00779823;0.24046880;1
10:00:00;10231;Pipe;8722;8724;0.00540959;0.16681206;1
10:00:00;10233;Pipe;8724;8726;0.00540959;0.16681206;1
10:00:00;10235;Pipe;8726;8728;0.00779823;0.24046880;1
10:00:00;10237;Pipe;8728;8730;0.00779823;0.24046880;1
10:00:00;10239;Pipe;8730;8732;0.00506198;0.15609300;1
10:00:00;10241;Pipe;8722;8734;0.00238863;0.07365674;1
10:00:00;10243;Pipe;8734;8792;0.00238863;0.07365674;1
10:00:00;10245;Pipe;8736;8726;0.00238863;0.07365674;1
10:00:00;10247;Pipe;8688;8738;0.00097655;0.12045301;1
10:00:00;10249;Pipe;8708;8740;0.00056529;0.06972581;1
10:00:00;10251;Pipe;8714;8742;-0.00000000;0.00000000;1
10:00:00;10253;Pipe;8720;8744;-0.00000000;0.00000000;1
10:00:00;10255;Pipe;8732;8746;0.00380887;0.46980668;1
10:00:00;10257;Pipe;8710;8682;0.00000000;0.00000000;1
10:00:00;10305;Pipe;8792;8736;0.00238863;0.07365674;1
10:00:00;11059;Pipe;9402;4922;0.59952659;0.67073745;1
10:00:00;11067;Pipe;9410;8596;0.49873395;1.09362671;1
10:00:00;5359;Pipe;4922;9410;0.52631773;1.80330089;1
10:00:00;6210;Pipe;5656;4922;-0.03406836;0.07470530;1
10:00:00;550083;Pipe;880081;9402;0.60773356;0.67991923;1
10:00:00;550084;Pipe;880081;7384;-0.60929529;0.68166646;1
11:00:00;10101;Pipe;8596;8598;0.45837558;6.28205407;1
11:00:00;10103;Pipe;8598;8600;0.26900648;3.68674355;1
11:00:00;10105;Pipe;8600;8602;0.23424472;3.21033247;1
11:00:00;10107;Pipe;8598;8604;0.15780192;4.86603248;1
11:00:00;10109;Pipe;8604;8606;0.13429573;4.14118769;1
11:00:00;10111;Pipe;8606;8608;0.10550508;3.25338959;1
11:00:00;10113;Pipe;8608;8610;0.09514747;2.93399882;1
11:00:00;10115;Pipe;8610;8612;0.06526535;2.01254401;1
11:00:00;10117;Pipe;8612;8614;0.03178504;0.98013415;1
11:00:00;10119;Pipe;8602;8616;0.21668726;4.27637776;1
11:00:00;10121;Pipe;8616;8618;0.17630530;3.47942961;1
11:00:00;10123;Pipe;8618;8620;0.17451264;3.44405100;1
11:00:00;10125;Pipe;8620;8622;0.14036629;2.77016425;1
11:00:00;10127;Pipe;8622;8624;0.12190324;2.40579125;1
11:00:00;10129;Pipe;8624;8626;0.10969118;2.16478303;1
11:00:00;10131;Pipe;8626;8628;0.09698260;1.91397605;1
11:00:00;10133;Pipe;8628;8630;0.05437074;1.07302023;1
11:00:00;10135;Pipe;8630;8632;0.05184347;1.02314397;1
11:00:00;10137;Pipe;8632;8634;0.04374718;0.86336159;1
11:00:00;10139;Pipe;8634;8636;0.03852278;0.76025688;1
11:00:00;10141;Pipe;8636;8638;0.03432796;0.67747103;1
11:00:00;10143;Pipe;8638;8640;0.03237880;0.63900374;1
11:00:00;10145;Pipe;8640;8642;0.00894606;0.17655268;1
11:00:00;10147;Pipe;8628;8644;0.03208829;0.98948527;1
11:00:00;10149;Pipe;8644;8646;0.02866966;0.88406711;1
11:00:00;10151;Pipe;8646;8648;0.02308181;0.71175828;1
11:00:00;10153;Pipe;8648;8650;0.01632187;0.50330668;1
11:00:00;10155;Pipe;8650;8652;0.01632187;0.50330668;1
11:00:00;10157;Pipe;8652;8654;0.01632187;0.50330668;1
11:00:00;10159;Pipe;8654;8656;0.01632187;0.50330668;1
11:00:00;10161;Pipe;8656;8658;0.01434378;0.44230962;1
11:00:00;10163;Pipe;8658;8660;0.01434378;0.44230962;1
11:00:00;10165;Pipe;8660;8662;0.01064677;0.32830731;1
11:00:00;10167;Pipe;8662;8664;0.00371011;0.11440621;1
11:00:00;10169;Pipe;8660;8666;0.00062462;0.01926094;1
11:00:00;10171;Pipe;8666;8668;0.00062462;0.01926094;1
11:00:00;10173;Pipe;8668;8670;-0.00171698;0.05294528;1
11:00:00;10175;Pipe;8670;8672;-0.00171698;0.05294528;1
11:00:00;10177;Pipe;8672;8674;-0.00741478;0.22864454;1
11:00:00;10179;Pipe;8674;8676;-0.00741478;0.22864454;1
11:00:00;10181;Pipe;8676;8678;-0.00741478;0.22864454;1
11:00:00;10183;Pipe;8678;8680;-0.02193706;0.67645861;1
11:00:00;10185;Pipe;8680;8682;-0.02193706;0.67645861;1
11:00:00;10187;Pipe;8682;8684;-0.02193706;0.67645861;1
11:00:00;10189;Pipe;8684;8686;-0.02193706;0.67645861;1
11:00:00;10191;Pipe;8686;8640;-0.02193706;0.67645861;1
11:00:00;10193;Pipe;8642;8688;0.00299291;0.09229032;1
11:00:00;10195;Pipe;8642;8690;0.00559351;0.17248327;1
11:00:00;10197;Pipe;8690;8692;0.00351004;0.10823689;1
11:00:00;10199;Pipe;8692;8694;0.00213625;0.06587410;1
11:00:00;10201;Pipe;8694;8696;0.00187220;0.05773175;1
11:00:00;10203;Pipe;8696;8698;-0.00231265;0.07131366;1
11:00:00;10205;Pipe;8698;8700;-0.00379328;0.11697089;1
11:00:00;10207;Pipe;8700;8648;-0.00478499;0.14755158;1
11:00:00;10209;Pipe;8696;8702;0.00272926;0.08416026;1
11:00:00;10211;Pipe;8702;8704;0.00163542;0.05043032;1
11:00:00;10213;Pipe;8704;8706;0.00146401;0.04514474;1
11:00:00;10215;Pipe;8706;8708;0.00104579;0.03224841;1
11:00:00;10219;Pipe;8710;8712;-0.00000000;0.00000000;1
11:00:00;10221;Pipe;8712;8714;-0.00000000;0.00000000;1
11:00:00;10223;Pipe;8678;8716;0.01452229;0.44781407;1
11:00:00;10225;Pipe;8716;8718;0.01394480;0.43000647;1
11:00:00;10227;Pipe;8718;8720;0.00678229;0.20914087;1
11:00:00;10229;Pipe;8672;8722;0.00569780;0.17569926;1
11:00:00;10231;Pipe;8722;8724;0.00395254;0.12188188;1
11:00:00;10233;Pipe;8724;8726;0.00395254;0.12188188;1
11:00:00;10235;Pipe;8726;8728;0.00569780;0.17569926;1
11:00:00;10237;Pipe;8728;8730;0.00569780;0.17569926;1
11:00:00;10239;Pipe;8730;8732;0.00430624;0.13278879;1
11:00:00;10241;Pipe;8722;8734;0.00174526;0.05381738;1
11:00:00;10243;Pipe;8734;8792;0.00174526;0.05381738;1
11:00:00;10245;Pipe;8736;8726;0.00174526;0.05381738;1
11:00:00;10247;Pipe;8688;8738;0.00073840;0.09107854;1
11:00:00;10249;Pipe;8708;8740;0.00030558;0.03769177;1
11:00:00;10251;Pipe;8714;8742;-0.00000000;0.00000000;1
11:00:00;10253;Pipe;8720;8744;-0.00000000;0.00000000;1
11:00:00;10255;Pipe;8732;8746;0.00333809;0.41173815;1
11:00:00;10257;Pipe;8710;8682;0.00000000;0.00000000;1
11:00:00;10305;Pipe;8792;8736;0.00174526;0.05381738;1
11:00:00;11059;Pipe;9402;4922;0.57130929;0.63916854;1
11:00:00;11067;Pipe;9410;8596;0.49852087;1.09315948;1
11:00:00;5359;Pipe;4922;9410;0.53240775;1.82416690;1
11:00:00;6210;Pipe;5656;4922;-0.00341169;0.00748117;1
11:00:00;550083;Pipe;880081;9402;0.60230534;0.67384626;1
11:00:00;550084;Pipe;880081;7384;-0.62247726;0.69641417;1
12:00:00;10101;Pipe;8596;8598;0.43732279;5.99352481;1
12:00:00;10103;Pipe;8598;8600;0.26625047;3.64897237;1
12:00:00;10105;Pipe;8600;8602;0.23992765;3.28821723;1
12:00:00;10107;Pipe;8598;8604;0.13558328;4.18089104;1
12:00:00;10109;Pipe;8604;8606;0.11755785;3.62505300;1
12:00:00;10111;Pipe;8606;8608;0.10487118;3.23384266;1
12:00:00;10113;Pipe;8608;8610;0.06495226;2.00288938;1
12:00:00;10115;Pipe;8610;8612;0.05406971;1.66731143;1
12:00:00;10117;Pipe;8612;8614;0.02571827;0.79305712;1
12:00:00;10119;Pipe;8602;8616;0.23016314;4.54232768;1
12:00:00;10121;Pipe;8616;8618;0.19894984;3.92632525;1
12:00:00;10123;Pipe;8618;8620;0.15788265;3.11585400;1
12:00:00;10125;Pipe;8620;8622;0.14260817;2.81440825;1
12:00:00;10127;Pipe;8622;8624;0.12350877;2.43747673;1
12:00:00;10129;Pipe;8624;8626;0.10687373;2.10918009;1
12:00:00;10131;Pipe;8626;8628;0.09870447;1.94795772;1
12:00:00;10133;Pipe;8628;8630;0.05717052;1.12827467;1
12:00:00;10135;Pipe;8630;8632;0.05613805;1.10789864;1
12:00:00;10137;Pipe;8632;8634;0.04929083;0.97276700;1
12:00:00;10139;Pipe;8634;8636;0.04252993;0.83933898;1
12:00:00;10141;Pipe;8636;8638;0.03740713;0.73823923;1
12:00:00;10143;Pipe;8638;8640;0.03563111;0.70318889;1
12:00:00;10145;Pipe;8640;8642;0.01455364;0.28721971;1
12:00:00;10147;Pipe;8628;8644;0.03700984;1.14124776;1
12:00:00;10149;Pipe;8644;8646;0.02777338;0.85642910;1
12:00:00;10151;Pipe;8646;8648;0.02261145;0.69725427;1
12:00:00;10153;Pipe;8648;8650;0.01527403;0.47099509;1
12:00:00;10155;Pipe;8650;8652;0.01527403;0.47099509;1
12:00:00;10157;Pipe;8652;8654;0.01527403;0.47099509;1
12:00:00;10159;Pipe;8654;8656;0.01527403;0.47099509;1
12:00:00;10161;Pipe;8656;8658;0.00962943;0.29693625;1
12:00:00;10163;Pipe;8658;8660;0.00962943;0.29693625;1
12:00:00;10165;Pipe;8660;8662;0.00832880;0.25682978;1
12:00:00;10167;Pipe;8662;8664;0.00027394;0.00844738;1
12:00:00;10169;Pipe;8660;8666;0.00065432;0.02017687;1
12:00:00;10171;Pipe;8666;8668;0.00065432;0.02017687;1
12:00:00;10173;Pipe;8668;8670;-0.00139382;0.04298042;1
12:00:00;10175;Pipe;8670;8672;-0.00139382;0.04298042;1
12:00:00;10177;Pipe;8672;8674;-0.01212603;0.37392236;1
12:00:00;10179;Pipe;8674;8676;-0.01212603;0.37392236;1
12:00:00;10181;Pipe;8676;8678;-0.01212603;0.37392236;1
12:00:00;10183;Pipe;8678;8680;-0.01845836;0.56918822;1
12:00:00;10185;Pipe;8680;8682;-0.01845836;0.56918822;1
12:00:00;10187;Pipe;8682;8684;-0.01845836;0.56918822;1
12:00:00;10189;Pipe;8684;8686;-0.01845836;0.56918822;1
12:00:00;10191;Pipe;8686;8640;-0.01845836;0.56918822;1
12:00:00;10193;Pipe;8642;8688;0.00264522;0.08156894;1
12:00:00;10195;Pipe;8642;8690;0.00809859;0.24973080;1
12:00:00;10197;Pipe;8690;8692;0.00774066;0.23869355;1
12:00:00;10199;Pipe;8692;8694;0.00503531;0.15527047;1
12:00:00;10201;Pipe;8694;8696;0.00470191;0.14498961;1
12:00:00;10203;Pipe;8696;8698;-0.00142768;0.04402427;1
12:00:00;10205;Pipe;8698;8700;-0.00193186;0.05957161;1
12:00:00;10207;Pipe;8700;8648;-0.00447814;0.13808926;1
12:00:00;10209;Pipe;8696;8702;0.00424118;0.13078230;1
12:00:00;10211;Pipe;8702;8704;0.00340365;0.10495610;1
12:00:00;10213;Pipe;8704;8706;0.00216740;0.06683476;1
12:00:00;10215;Pipe;8706;8708;0.00131671;0.04060255;1
12:00:00;10219;Pipe;8710;8712;-0.00000000;0.00000000;1
12:00:00;10221;Pipe;8712;8714;-0.00000000;0.00000000;1
12:00:00;10223;Pipe;8678;8716;0.00582412;0.17959463;1
12:00:00;10225;Pipe;8716;8718;0.00341254;0.10523011;1
12:00:00;10227;Pipe;8718;8720;0.00186526;0.05751771;1
12:00:00;10229;Pipe;8672;8722;0.01073221;0.33094194;1
12:00:00;10231;Pipe;8722;8724;0.00744488;0.22957264;1
12:00:00;10233;Pipe;8724;8726;0.00744488;0.22957264;1
12:00:00;10235;Pipe;8726;8728;0.01073221;0.33094194;1
12:00:00;10237;Pipe;8728;8730;0.01073221;0.33094194;1
12:00:00;10239;Pipe;8730;8732;0.00808232;0.24922907;1
12:00:00;10241;Pipe;8722;8734;0.00328733;0.10136930;1
12:00:00;10243;Pipe;8734;8792;0.00328733;0.10136930;1
12:00:00;10245;Pipe;8736;8726;0.00328733;0.10136930;1
12:00:00;10247;Pipe;8688;8738;0.00161517;0.19922405;1
12:00:00;10249;Pipe;8708;8740;0.00050865;0.06273999;1
12:00:00;10251;Pipe;8714;8742;-0.00000000;0.00000000;1
12:00:00;10253;Pipe;8720;8744;-0.00000000;0.00000000;1
12:00:00;10255;Pipe;8732;8746;0.00366445;0.45199282;1
12:00:00;10257;Pipe;8710;8682;0.00000000;0.00000000;1
12:00:00;10305;Pipe;8792;8736;0.00328733;0.10136930;1
12:00:00;11059;Pipe;9402;4922;0.52712946;0.58974109;1
12:00:00;11067;Pipe;9410;8596;0.46527008;1.02024693;1
12:00:00;5359;Pipe;4922;9410;0.46619799;1.59731509;1
12:00:00;6210;Pipe;5656;4922;-0.04928091;0.10806347;1
12:00:00;550083;Pipe;880081;9402;0.53281958;0.59610709;1
12:00:00;550084;Pipe;880081;7384;-0.57365473;0.64179257;1
13:00:00;10101;Pipe;8596;8598;0.41697052;5.71459613;1
13:00:00;10103;Pipe;8598;8600;0.20441081;2.80145754;1
13:00:00;10105;Pipe;8600;8602;0.19763459;2.70858929;1
13:00:00;10107;Pipe;8598;8604;0.16566437;5.10848137;1
13:00:00;10109;Pipe;8604;8606;0.15005456;4.62713234;1
13:00:00;10111;Pipe;8606;8608;0.11549489;3.56143890;1
13:00:00;10113;Pipe;8608;8610;0.08636448;2.66316373;1
13:00:00;10115;Pipe;8610;8612;0.06290287;1.93969390;1
13:00:00;10117;Pipe;8612;8614;0.03114335;0.96034658;1
13:00:00;10119;Pipe;8602;8616;0.19153248;3.77994180;1
13:00:00;10121;Pipe;8616;8618;0.17698509;3.49284537;1
13:00:00;10123;Pipe;8618;8620;0.17458019;3.44538418;1
13:00:00;10125;Pipe;8620;8622;0.14881992;2.93699876;1
13:00:00;10127;Pipe;8622;8624;0.14670754;2.89531025;1
13:00:00;10129;Pipe;8624;8626;0.13013582;2.56826332;1
13:00:00;10131;Pipe;8626;8628;0.11644063;2.29798530;1
13:00:00;10133;Pipe;8628;8630;0.06900920;1.36191395;1
13:00:00;10135;Pipe;8630;8632;0.06057325;1.19542838;1
13:00:00;10137;Pipe;8632;8634;0.06009466;1.18598326;1
13:00:00;10139;Pipe;8634;8636;0.05175264;1.02135147;1
13:00:00;10141;Pipe;8636;8638;0.04677001;0.92301786;1
13:00:00;10143;Pipe;8638;8640;0.04094261;0.80801272;1
13:00:00;10145;Pipe;8640;8642;0.01424596;0.28114757;1
13:00:00;10147;Pipe;8628;8644;0.04189753;1.29196622;1
13:00:00;10149;Pipe;8644;8646;0.03391847;1.04592113;1
13:00:00;10151;Pipe;8646;8648;0.02889078;0.89088554;1
13:00:00;10153;Pipe;8648;8650;0.01885998;0.58157268;1
13:00:00;10155;Pipe;8650;8652;0.01885998;0.58157268;1
13:00:00;10157;Pipe;8652;8654;0.01885998;0.58157268;1
13:00:00;10159;Pipe;8654;8656;0.01885998;0.58157268;1
13:00:00;10161;Pipe;8656;8658;0.01277359;0.39389065;1
13:00:00;10163;Pipe;8658;8660;0.01277359;0.39389065;1
13:00:00;10165;Pipe;8660;8662;0.00619939;0.19116635;1
13:00:00;10167;Pipe;8662;8664;0.00483921;0.14922354;1
13:00:00;10169;Pipe;8660;8666;-0.00083507;0.02575046;1
13:00:00;10171;Pipe;8666;8668;-0.00083507;0.02575046;1
13:00:00;10173;Pipe;8668;8670;-0.00119240;0.03676930;1
13:00:00;10175;Pipe;8670;8672;-0.00119240;0.03676930;1
13:00:00;10177;Pipe;8672;8674;-0.00943151;0.29083316;1
13:00:00;10179;Pipe;8674;8676;-0.00943151;0.29083316;1
13:00:00;10181;Pipe;8676;8678;-0.00943151;0.29083316;1
13:00:00;10183;Pipe;8678;8680;-0.02422230;0.74692701;1
13:00:00;10185;Pipe;8680;8682;-0.02422230;0.74692701;1
13:00:00;10187;Pipe;8682;8684;-0.02422230;0.74692701;1
13:00:00;10189;Pipe;8684;8686;-0.02422230;0.74692701;1
13:00:00;10191;Pipe;8686;8640;-0.02429924;0.74929938;1
13:00:00;10193;Pipe;8642;8688;0.00021825;0.00672997;1
13:00:00;10195;Pipe;8642;8690;0.01303723;0.40202031;1
13:00:00;10197;Pipe;8690;8692;0.01108243;0.34174156;1
13:00:00;10199;Pipe;8692;8694;0.00603313;0.18603973;1
13:00:00;10201;Pipe;8694;8696;0.00420626;0.12970552;1
13:00:00;10203;Pipe;8696;8698;-0.00450372;0.13887824;1
13:00:00;10205;Pipe;8698;8700;-0.00508977;0.15694974;1
13:00:00;10207;Pipe;8700;8648;-0.00943362;0.29089821;1
13:00:00;10209;Pipe;8696;8702;0.00824799;0.25433776;1
13:00:00;10211;Pipe;8702;8704;0.00692357;0.21349739;1
13:00:00;10213;Pipe;8704;8706;0.00394356;0.12160479;1
13:00:00;10215;Pipe;8706;8708;0.00232592;0.07172269;1
13:00:00;10219;Pipe;8710;8712;-0.00000000;0.00000000;1
13:00:00;10221;Pipe;8712;8714;-0.00000000;0.00000000;1
13:00:00;10223;Pipe;8678;8716;0.01479079;0.45609385;1
13:00:00;10225;Pipe;8716;8718;0.01402469;0.43246997;1
13:00:00;10227;Pipe;8718;8720;0.00873051;0.26921700;1
13:00:00;10229;Pipe;8672;8722;0.00823911;0.25406386;1
13:00:00;10231;Pipe;8722;8724;0.00571543;0.17624286;1
13:00:00;10233;Pipe;8724;8726;0.00571543;0.17624286;1
13:00:00;10235;Pipe;8726;8728;0.00823911;0.25406386;1
13:00:00;10237;Pipe;8728;8730;0.00823911;0.25406386;1
13:00:00;10239;Pipe;8730;8732;0.00448120;0.13818377;1
13:00:00;10241;Pipe;8722;8734;0.00252368;0.07782100;1
13:00:00;10243;Pipe;8734;8792;0.00252368;0.07782100;1
13:00:00;10245;Pipe;8736;8726;0.00252368;0.07782100;1
13:00:00;10247;Pipe;8688;8738;0.00020505;0.02529206;1
13:00:00;10249;Pipe;8708;8740;0.00181720;0.22414347;1
13:00:00;10251;Pipe;8714;8742;-0.00000000;0.00000000;1
13:00:00;10253;Pipe;8720;8744;-0.00000000;0.00000000;1
13:00:00;10255;Pipe;8732;8746;0.00330928;0.40818363;1
13:00:00;10257;Pipe;8710;8682;0.00000000;0.00000000;1
13:00:00;10305;Pipe;8792;8736;0.00252368;0.07782100;1
13:00:00;11059;Pipe;9402;4922;0.52941299;0.59229587;1
13:00:00;11067;Pipe;9410;8596;0.43879531;0.96219291;1
13:00:00;5359;Pipe;4922;9410;0.46356456;1.58829229;1
13:00:00;6210;Pipe;5656;4922;-0.03673534;0.08055346;1
13:00:00;550083;Pipe;880081;9402;0.56198621;0.62873808;1
13:00:00;550084;Pipe;880081;7384;-0.57705830;0.64560041;1
14:00:00;10101;Pipe;8596;8598;0.47008857;6.44258100;1
14:00:00;10103;Pipe;8598;8600;0.26512403;3.63353449;1
14:00:00;10105;Pipe;8600;8602;0.24770346;3.39478491;1
14:00:00;10107;Pipe;8598;8604;0.16272789;5.01793108;1
14:00:00;10109;Pipe;8604;8606;0.14470004;4.46201849;1
14:00:00;10111;Pipe;8606;8608;0.09969888;3.07434763;1
14:00:00;10113;Pipe;8608;8610;0.06212883;1.91582522;1
14:00:00;10115;Pipe;8610;8612;0.05897032;1.81842844;1
14:00:00;10117;Pipe;8612;8614;0.02373429;0.73187853;1
14:00:00;10119;Pipe;8602;8616;0.19976877;3.94248712;1
14:00:00;10121;Pipe;8616;8618;0.18776870;3.70566277;1
14:00:00;10123;Pipe;8618;8620;0.16886288;3.33255159;1
14:00:00;10125;Pipe;8620;8622;0.14640944;2.88942722;1
14:00:00;10127;Pipe;8622;8624;0.11799485;2.32865816;1
14:00:00;10129;Pipe;8624;8626;0.11556259;2.28065688;1
14:00:00;10131;Pipe;8626;8628;0.10592779;2.09051166;1
14:00:00;10133;Pipe;8628;8630;0.06003800;1.18486507;1
14:00:00;10135;Pipe;8630;8632;0.04926508;0.97225876;1
14:00:00;10137;Pipe;8632;8634;0.04540664;0.89611158;1
14:00:00;10139;Pipe;8634;8636;0.04163582;0.82169337;1
14:00:00;10141;Pipe;8636;8638;0.03945675;0.77868882;1
14:00:00;10143;Pipe;8638;8640;0.03620306;0.71447645;1
14:00:00;10145;Pipe;8640;8642;0.01216451;0.24006958;1
14:00:00;10147;Pipe;8628;8644;0.03615198;1.11479441;1
14:00:00;10149;Pipe;8644;8646;0.02702054;0.83321448;1
14:00:00;10151;Pipe;8646;8648;0.02120754;0.65396285;1
14:00:00;10153;Pipe;8648;8650;0.01519628;0.46859749;1
14:00:00;10155;Pipe;8650;8652;0.01519628;0.46859749;1
14:00:00;10157;Pipe;8652;8654;0.01519628;0.46859749;1
14:00:00;10159;Pipe;8654;8656;0.01519628;0.46859749;1
14:00:00;10161;Pipe;8656;8658;0.01293222;0.39878220;1
14:00:00;10163;Pipe;8658;8660;0.01293222;0.39878220;1
14:00:00;10165;Pipe;8660;8662;0.00195467;0.06027470;1
14:00:00;10167;Pipe;8662;8664;0.00056022;0.01727506;1
14:00:00;10169;Pipe;8660;8666;0.00649753;0.20035990;1
14:00:00;10171;Pipe;8666;8668;0.00649753;0.20035990;1
14:00:00;10173;Pipe;8668;8670;0.00382940;0.11808463;1
14:00:00;10175;Pipe;8670;8672;0.00382940;0.11808463;1
14:00:00;10177;Pipe;8672;8674;-0.00560929;0.17296989;1
14:00:00;10179;Pipe;8674;8676;-0.00560929;0.17296989;1
14:00:00;10181;Pipe;8676;8678;-0.00560929;0.17296989;1
14:00:00;10183;Pipe;8678;8680;-0.02182996;0.67315590;1
14:00:00;10185;Pipe;8680;8682;-0.02182996;0.67315590;1
14:00:00;10187;Pipe;8682;8684;-0.02182996;0.67315590;1
14:00:00;10189;Pipe;8684;8686;-0.02182996;0.67315590;1
14:00:00;10191;Pipe;8686;8640;-0.02182996;0.67315590;1
14:00:00;10193;Pipe;8642;8688;0.00103421;0.03189113;1
14:00:00;10195;Pipe;8642;8690;0.00826498;0.25486153;1
14:00:00;10197;Pipe;8690;8692;0.00565871;0.17449394;1
14:00:00;10199;Pipe;8692;8694;0.00335858;0.10356628;1
14:00:00;10201;Pipe;8694;8696;0.00176007;0.05427397;1
14:00:00;10203;Pipe;8696;8698;-0.00134109;0.04135441;1
14:00:00;10205;Pipe;8698;8700;-0.00329934;0.10173949;1
14:00:00;10207;Pipe;8700;8648;-0.00436833;0.13470326;1
14:00:00;10209;Pipe;8696;8702;0.00264351;0.08151620;1
14:00:00;10211;Pipe;8702;8704;0.00193509;0.05967111;1
14:00:00;10213;Pipe;8704;8706;0.00163493;0.05041536;1
14:00:00;10215;Pipe;8706;8708;0.00138280;0.04264047;1
14:00:00;10219;Pipe;8710;8712;-0.00000000;0.00000000;1
14:00:00;10221;Pipe;8712;8714;-0.00000000;0.00000000;1
14:00:00;10223;Pipe;8678;8716;0.01622067;0.50018601;1
14:00:00;10225;Pipe;8716;8718;0.01562993;0.48196972;1
14:00:00;10227;Pipe;8718;8720;0.01042499;0.32146858;1
14:00:00;10229;Pipe;8672;8722;0.00943869;0.29105452;1
14:00:00;10231;Pipe;8722;8724;0.00654757;0.20190302;1
14:00:00;10233;Pipe;8724;8726;0.00654757;0.20190302;1
14:00:00;10235;Pipe;8726;8728;0.00943869;0.29105452;1
14:00:00;10237;Pipe;8728;8730;0.00943869;0.29105452;1
14:00:00;10239;Pipe;8730;8732;0.00531212;0.16380615;1
14:00:00;10241;Pipe;8722;8734;0.00289112;0.08915150;1
14:00:00;10243;Pipe;8734;8792;0.00289112;0.08915150;1
14:00:00;10245;Pipe;8736;8726;0.00289112;0.08915150;1
14:00:00;10247;Pipe;8688;8738;0.00086174;0.10629160;1
14:00:00;10249;Pipe;8708;8740;0.00072515;0.08944404;1
14:00:00;10251;Pipe;8714;8742;-0.00000000;0.00000000;1
14:00:00;10253;Pipe;8720;8744;-0.00000000;0.00000000;1
14:00:00;10255;Pipe;8732;8746;0.00325852;0.40192304;1
14:00:00;10257;Pipe;8710;8682;0.00000000;0.00000000;1
14:00:00;10305;Pipe;8792;8736;0.00289112;0.08915150;1
14:00:00;11059;Pipe;9402;4922;0.54255009;0.60699337;1
14:00:00;11067;Pipe;9410;8596;0.47803874;1.04824613;1
14:00:00;5359;Pipe;4922;9410;0.48395721;1.65816281;1
14:00:00;6210;Pipe;5656;4922;-0.03467666;0.07603919;1
14:00:00;550083;Pipe;880081;9402;0.58925160;0.65924201;1
14:00:00;550084;Pipe;880081;7384;-0.59989508;0.67114970;1
15:00:00;10101;Pipe;8596;8598;0.39993885;5.48117644;1
15:00:00;10103;Pipe;8598;8600;0.25734125;3.52687122;1
15:00:00;10105;Pipe;8600;8602;0.23491477;3.21951553;1
15:00:00;10107;Pipe;8598;8604;0.12255865;3.77925925;1
15:00:00;10109;Pipe;8604;8606;0.11863565;3.65828833;1
15:00:00;10111;Pipe;8606;8608;0.09647762;2.97501586;1
15:00:00;10113;Pipe;8608;8610;0.06441483;1.98631710;1
15:00:00;10115;Pipe;8610;8612;0.04430513;1.36620772;1
15:00:00;10117;Pipe;8612;8614;0.04279925;1.31977190;1
15:00:00;10119;Pipe;8602;8616;0.21135769;4.17119739;1
15:00:00;10121;Pipe;8616;8618;0.19339930;3.81678404;1
15:00:00;10123;Pipe;8618;8620;0.16800621;3.31564493;1
15:00:00;10125;Pipe;8620;8622;0.13594942;2.68299602;1
15:00:00;10127;Pipe;8622;8624;0.11296117;2.22931717;1
15:00:00;10129;Pipe;8624;8626;0.10403589;2.05317447;1
15:00:00;10131;Pipe;8626;8628;0.09934903;1.96067812;1
15:00:00;10133;Pipe;8628;8630;0.05331032;1.05209270;1
15:00:00;10135;Pipe;8630;8632;0.05289660;1.04392768;1
15:00:00;10137;Pipe;8632;8634;0.04504974;0.88906796;1
15:00:00;10139;Pipe;8634;8636;0.04154516;0.81990420;1
15:00:00;10141;Pipe;8636;8638;0.03673302;0.72493532;1
15:00:00;10143;Pipe;8638;8640;0.03451447;0.68115180;1
15:00:00;10145;Pipe;8640;8642;0.01019802;0.20126056;1
15:00:00;10147;Pipe;8628;8644;0.03154631;0.97277243;1
15:00:00;10149;Pipe;8644;8646;0.02835508;0.87436677;1
15:00:00;10151;Pipe;8646;8648;0.02667990;0.82271035;1
15:00:00;10153;Pipe;8648;8650;0.01810991;0.55844314;1
15:00:00;10155;Pipe;8650;8652;0.01810991;0.55844314;1
15:00:00;10157;Pipe;8652;8654;0.01810991;0.55844314;1
15:00:00;10159;Pipe;8654;8656;0.01810991;0.55844314;1
15:00:00;10161;Pipe;8656;8658;0.01315712;0.40571718;1
15:00:00;10163;Pipe;8658;8660;0.01315712;0.40571718;1
15:00:00;10165;Pipe;8660;8662;0.00780005;0.24052480;1
15:00:00;10167;Pipe;8662;8664;0.00651309;0.20083984;1
15:00:00;10169;Pipe;8660;8666;-0.00219640;0.06772896;1
15:00:00;10171;Pipe;8666;8668;-0.00219640;0.06772896;1
15:00:00;10173;Pipe;8668;8670;-0.00219640;0.06772896;1
15:00:00;10175;Pipe;8670;8672;-0.00219640;0.06772896;1
15:00:00;10177;Pipe;8672;8674;-0.00989982;0.30527420;1
15:00:00;10179;Pipe;8674;8676;-0.00989982;0.30527420;1
15:00:00;10181;Pipe;8676;8678;-0.00989982;0.30527420;1
15:00:00;10183;Pipe;8678;8680;-0.02279034;0.70277046;1
15:00:00;10185;Pipe;8680;8682;-0.02279034;0.70277046;1
15:00:00;10187;Pipe;8682;8684;-0.02279034;0.70277046;1
15:00:00;10189;Pipe;8684;8686;-0.02279034;0.70277046;1
15:00:00;10191;Pipe;8686;8640;-0.02279034;0.70277046;1
15:00:00;10193;Pipe;8642;8688;0.00164103;0.05060334;1
15:00:00;10195;Pipe;8642;8690;0.00678931;0.20935737;1
15:00:00;10197;Pipe;8690;8692;0.00539683;0.16641850;1
15:00:00;10199;Pipe;8692;8694;0.00315559;0.09730671;1
15:00:00;10201;Pipe;8694;8696;0.00268232;0.08271291;1
15:00:00;10203;Pipe;8696;8698;-0.00226459;0.06983155;1
15:00:00;10205;Pipe;8698;8700;-0.00377277;0.11633843;1
15:00:00;10207;Pipe;8700;8648;-0.00648481;0.19996764;1
15:00:00;10209;Pipe;8696;8702;0.00492030;0.15172408;1
15:00:00;10211;Pipe;8702;8704;0.00280685;0.08655305;1
15:00:00;10213;Pipe;8704;8706;0.00226697;0.06990495;1
15:00:00;10215;Pipe;8706;8708;0.00134735;0.04154748;1
15:00:00;10219;Pipe;8710;8712;-0.00000000;0.00000000;1
15:00:00;10221;Pipe;8712;8714;-0.00000000;0.00000000;1
15:00:00;10223;Pipe;8678;8716;0.01289052;0.39749626;1
15:00:00;10225;Pipe;8716;8718;0.01201942;0.37063468;1
15:00:00;10227;Pipe;8718;8720;0.01121796;0.34592064;1
15:00:00;10229;Pipe;8672;8722;0.00770342;0.23754524;1
15:00:00;10231;Pipe;8722;8724;0.00534383;0.16478401;1
15:00:00;10233;Pipe;8724;8726;0.00534383;0.16478401;1
15:00:00;10235;Pipe;8726;8728;0.00770342;0.23754524;1
15:00:00;10237;Pipe;8728;8730;0.00770342;0.23754524;1
15:00:00;10239;Pipe;8730;8732;0.00620026;0.19119323;1
15:00:00;10241;Pipe;8722;8734;0.00235959;0.07276123;1
15:00:00;10243;Pipe;8734;8792;0.00235959;0.07276123;1
15:00:00;10245;Pipe;8736;8726;0.00235959;0.07276123;1
15:00:00;10247;Pipe;8688;8738;0.00133207;0.16430462;1
15:00:00;10249;Pipe;8708;8740;0.00029677;0.03660523;1
15:00:00;10251;Pipe;8714;8742;-0.00000000;0.00000000;1
15:00:00;10253;Pipe;8720;8744;-0.00000000;0.00000000;1
15:00:00;10255;Pipe;8732;8746;0.00215941;0.26635264;1
15:00:00;10257;Pipe;8710;8682;0.00000000;0.00000000;1
15:00:00;10305;Pipe;8792;8736;0.00235959;0.07276123;1
15:00:00;11059;Pipe;9402;4922;0.52166642;0.58362917;1
15:00:00;11067;Pipe;9410;8596;0.43487361;0.95359339;1
15:00:00;5359;Pipe;4922;9410;0.45778597;1.56849336;1
15:00:00;6210;Pipe;5656;4922;-0.04616986;0.10124154;1
15:00:00;550083;Pipe;880081;9402;0.52372213;0.58592905;1
15:00:00;550084;Pipe;880081;7384;-0.54838957;0.61352645;1
16:00:00;10101;Pipe;8596;8598;0.42749506;5.85883540;1
16:00:00;10103;Pipe;8598;8600;0.27331594;3.74580487;1
16:00:00;10105;Pipe;8600;8602;0.26036320;3.56828709;1
16:00:00;10107;Pipe;8598;8604;0.13742735;4.23775542;1
16:00:00;10109;Pipe;8604;8606;0.12296679;3.79184471;1
16:00:00;10111;Pipe;8606;8608;0.11798887;3.63834401;1
16:00:00;10113;Pipe;8608;8610;0.07735033;2.38520037;1
16:00:00;10115;Pipe;8610;8612;0.05114268;1.57705268;1
16:00:00;10117;Pipe;8612;8614;0.02423224;0.74723344;1
16:00:00;10119;Pipe;8602;8616;0.21091733;4.16250682;1
16:00:00;10121;Pipe;8616;8618;0.16357497;3.22819339;1
16:00:00;10123;Pipe;8618;8620;0.15990402;3.15574629;1
16:00:00;10125;Pipe;8620;8622;0.13268160;2.61850488;1
16:00:00;10127;Pipe;8622;8624;0.13189991;2.60307801;1
16:00:00;10129;Pipe;8624;8626;0.11340135;2.23800428;1
16:00:00;10131;Pipe;8626;8628;0.09638409;1.90216444;1
16:00:00;10133;Pipe;8628;8630;0.05340215;1.05390498;1
16:00:00;10135;Pipe;8630;8632;0.04614330;0.91064964;1
16:00:00;10137;Pipe;8632;8634;0.03969569;0.78340438;1
16:00:00;10139;Pipe;8634;8636;0.03645419;0.71943270;1
16:00:00;10141;Pipe;8636;8638;0.03426039;0.67613750;1
16:00:00;10143;Pipe;8638;8640;0.03301854;0.65162917;1
16:00:00;10145;Pipe;8640;8642;0.00934294;0.18438524;1
16:00:00;10147;Pipe;8628;8644;0.03183869;0.98178841;1
16:00:00;10149;Pipe;8644;8646;0.02487653;0.76710094;1
16:00:00;10151;Pipe;8646;8648;0.02027994;0.62535892;1
16:00:00;10153;Pipe;8648;8650;0.01602455;0.49413839;1
16:00:00;10155;Pipe;8650;8652;0.01602455;0.49413839;1
16:00:00;10157;Pipe;8652;8654;0.01602455;0.49413839;1
16:00:00;10159;Pipe;8654;8656;0.01602455;0.49413839;1
16:00:00;10161;Pipe;8656;8658;0.01591012;0.49060975;1
16:00:00;10163;Pipe;8658;8660;0.01591012;0.49060975;1
16:00:00;10165;Pipe;8660;8662;0.00991752;0.30582009;1
16:00:00;10167;Pipe;8662;8664;0.00184072;0.05676097;1
16:00:00;10169;Pipe;8660;8666;0.00024366;0.00751353;1
16:00:00;10171;Pipe;8666;8668;0.00024366;0.00751353;1
16:00:00;10173;Pipe;8668;8670;-0.00039178;0.01208111;1
16:00:00;10175;Pipe;8670;8672;-0.00039178;0.01208111;1
16:00:00;10177;Pipe;8672;8674;-0.00581827;0.17941421;1
16:00:00;10179;Pipe;8674;8676;-0.00581827;0.17941421;1
16:00:00;10181;Pipe;8676;8678;-0.00581827;0.17941421;1
16:00:00;10183;Pipe;8678;8680;-0.02286346;0.70502512;1
16:00:00;10185;Pipe;8680;8682;-0.02286346;0.70502512;1
16:00:00;10187;Pipe;8682;8684;-0.02286346;0.70502512;1
16:00:00;10189;Pipe;8684;8686;-0.02286346;0.70502512;1
16:00:00;10191;Pipe;8686;8640;-0.02286346;0.70502512;1
16:00:00;10193;Pipe;8642;8688;0.00268060;0.08265996;1
16:00:00;10195;Pipe;8642;8690;0.00494954;0.15262564;1
16:00:00;10197;Pipe;8690;8692;0.00394905;0.12177437;1
16:00:00;10199;Pipe;8692;8694;0.00225776;0.06962113;1
16:00:00;10201;Pipe;8694;8696;0.00214041;0.06600253;1
16:00:00;10203;Pipe;8696;8698;-0.00190529;0.05875211;1
16:00:00;10205;Pipe;8698;8700;-0.00198049;0.06107111;1
16:00:00;10207;Pipe;8700;8648;-0.00221049;0.06816330;1
16:00:00;10209;Pipe;8696;8702;0.00321372;0.09909929;1
16:00:00;10211;Pipe;8702;8704;0.00252536;0.07787293;1
16:00:00;10213;Pipe;8704;8706;0.00231108;0.07126531;1
16:00:00;10215;Pipe;8706;8708;0.00122554;0.03779105;1
16:00:00;10219;Pipe;8710;8712;-0.00000000;0.00000000;1
16:00:00;10221;Pipe;8712;8714;-0.00000000;0.00000000;1
16:00:00;10223;Pipe;8678;8716;0.01704518;0.52561092;1
16:00:00;10225;Pipe;8716;8718;0.01704518;0.52561092;1
16:00:00;10227;Pipe;8718;8720;0.00774131;0.23871347;1
16:00:00;10229;Pipe;8672;8722;0.00542649;0.16733310;1
16:00:00;10231;Pipe;8722;8724;0.00376434;0.11607833;1
16:00:00;10233;Pipe;8724;8726;0.00376434;0.11607833;1
16:00:00;10235;Pipe;8726;8728;0.00542649;0.16733310;1
16:00:00;10237;Pipe;8728;8730;0.00542649;0.16733310;1
16:00:00;10239;Pipe;8730;8732;0.00435694;0.13435219;1
16:00:00;10241;Pipe;8722;8734;0.00166216;0.05125477;1
16:00:00;10243;Pipe;8734;8792;0.00166216;0.05125477;1
16:00:00;10245;Pipe;8736;8726;0.00166216;0.05125477;1
16:00:00;10247;Pipe;8688;8738;0.00087124;0.10746368;1
16:00:00;10249;Pipe;8708;8740;0.00044797;0.05525555;1
16:00:00;10251;Pipe;8714;8742;-0.00000000;0.00000000;1
16:00:00;10253;Pipe;8720;8744;-0.00000000;0.00000000;1
16:00:00;10255;Pipe;8732;8746;0.00087205;0.10756309;1
16:00:00;10257;Pipe;8710;8682;0.00000000;0.00000000;1
16:00:00;10305;Pipe;8792;8736;0.00166216;0.05125477;1
16:00:00;11059;Pipe;9402;4922;0.47079876;0.52671953;1
16:00:00;11067;Pipe;9410;8596;0.43472934;0.95327702;1
16:00:00;5359;Pipe;4922;9410;0.43527887;1.49137818;1
16:00:00;6210;Pipe;5656;4922;-0.00948701;0.02080316;1
16:00:00;550083;Pipe;880081;9402;0.49469440;0.55345345;1
16:00:00;550084;Pipe;880081;7384;-0.50626517;0.56639858;1
17:00:00;10101;Pipe;8596;8598;0.40108596;5.49689772;1
17:00:00;10103;Pipe;8598;8600;0.27003330;3.70081615;1
17:00:00;10105;Pipe;8600;8602;0.25512484;3.49649517;1
17:00:00;10107;Pipe;8598;8604;0.12151375;3.74703820;1
17:00:00;10109;Pipe;8604;8606;0.10901073;3.36149099;1
17:00:00;10111;Pipe;8606;8608;0.09121437;2.81271658;1
17:00:00;10113;Pipe;8608;8610;0.06195137;1.91035296;1
17:00:00;10115;Pipe;8610;8612;0.02274106;0.70125101;1
17:00:00;10117;Pipe;8612;8614;0.01685484;0.51974159;1
17:00:00;10119;Pipe;8602;8616;0.21399597;4.22326454;1
17:00:00;10121;Pipe;8616;8618;0.19788227;3.90525648;1
17:00:00;10123;Pipe;8618;8620;0.15617555;3.08216388;1
17:00:00;10125;Pipe;8620;8622;0.12416818;2.45049046;1
17:00:00;10127;Pipe;8622;8624;0.10432257;2.05883233;1
17:00:00;10129;Pipe;8624;8626;0.10044056;1.98221984;1
17:00:00;10131;Pipe;8626;8628;0.09029099;1.78191539;1
17:00:00;10133;Pipe;8628;8630;0.05218425;1.02986925;1
17:00:00;10135;Pipe;8630;8632;0.04475842;0.88331870;1
17:00:00;10137;Pipe;8632;8634;0.03729153;0.73595773;1
17:00:00;10139;Pipe;8634;8636;0.03579146;0.70635356;1
17:00:00;10141;Pipe;8636;8638;0.03156624;0.62296776;1
17:00:00;10143;Pipe;8638;8640;0.02877944;0.56796949;1
17:00:00;10145;Pipe;8640;8642;0.00600025;0.11841644;1
17:00:00;10147;Pipe;8628;8644;0.02898616;0.89382679;1
17:00:00;10149;Pipe;8644;8646;0.02409066;0.74286768;1
17:00:00;10151;Pipe;8646;8648;0.02375506;0.73251897;1
17:00:00;10153;Pipe;8648;8650;0.01757889;0.54206840;1
17:00:00;10155;Pipe;8650;8652;0.01757889;0.54206840;1
17:00:00;10157;Pipe;8652;8654;0.01757889;0.54206840;1
17:00:00;10159;Pipe;8654;8656;0.01757889;0.54206840;1
17:00:00;10161;Pipe;8656;8658;0.01122914;0.34626549;1
17:00:00;10163;Pipe;8658;8660;0.01122914;0.34626549;1
17:00:00;10165;Pipe;8660;8662;0.00928785;0.28640315;1
17:00:00;10167;Pipe;8662;8664;0.00541930;0.16711142;1
17:00:00;10169;Pipe;8660;8666;-0.00128530;0.03963395;1
17:00:00;10171;Pipe;8666;8668;-0.00128530;0.03963395;1
17:00:00;10173;Pipe;8668;8670;-0.00170889;0.05269577;1
17:00:00;10175;Pipe;8670;8672;-0.00170889;0.05269577;1
17:00:00;10177;Pipe;8672;8674;-0.00816988;0.25192901;1
17:00:00;10179;Pipe;8674;8676;-0.00816988;0.25192901;1
17:00:00;10181;Pipe;8676;8678;-0.00816988;0.25192901;1
17:00:00;10183;Pipe;8678;8680;-0.02176324;0.67109855;1
17:00:00;10185;Pipe;8680;8682;-0.02176324;0.67109855;1
17:00:00;10187;Pipe;8682;8684;-0.02176324;0.67109855;1
17:00:00;10189;Pipe;8684;8686;-0.02176324;0.67109855;1
17:00:00;10191;Pipe;8686;8640;-0.02176324;0.67109855;1
17:00:00;10193;Pipe;8642;8688;0.00102074;0.03147580;1
17:00:00;10195;Pipe;8642;8690;0.00389371;0.12006789;1
17:00:00;10197;Pipe;8690;8692;0.00337883;0.10419077;1
17:00:00;10199;Pipe;8692;8694;0.00213536;0.06584656;1
17:00:00;10201;Pipe;8694;8696;0.00149709;0.04616476;1
17:00:00;10203;Pipe;8696;8698;-0.00243459;0.07507374;1
17:00:00;10205;Pipe;8698;8700;-0.00410496;0.12658201;1
17:00:00;10207;Pipe;8700;8648;-0.00506399;0.15615493;1
17:00:00;10209;Pipe;8696;8702;0.00239114;0.07373394;1
17:00:00;10211;Pipe;8702;8704;0.00229701;0.07083135;1
17:00:00;10213;Pipe;8704;8706;0.00118964;0.03668409;1
17:00:00;10215;Pipe;8706;8708;0.00098313;0.03031615;1
17:00:00;10219;Pipe;8710;8712;-0.00000000;0.00000000;1
17:00:00;10221;Pipe;8712;8714;-0.00000000;0.00000000;1
17:00:00;10223;Pipe;8678;8716;0.01359337;0.41916954;1
17:00:00;10225;Pipe;8716;8718;0.01260596;0.38872162;1
17:00:00;10227;Pipe;8718;8720;0.00618207;0.19063236;1
17:00:00;10229;Pipe;8672;8722;0.00646099;0.19923324;1
17:00:00;10231;Pipe;8722;8724;0.00448196;0.13820724;1
17:00:00;10233;Pipe;8724;8726;0.00448196;0.13820724;1
17:00:00;10235;Pipe;8726;8728;0.00646099;0.19923324;1
17:00:00;10237;Pipe;8728;8730;0.00646099;0.19923324;1
17:00:00;10239;Pipe;8730;8732;0.00637902;0.19670556;1
17:00:00;10241;Pipe;8722;8734;0.00197903;0.06102600;1
17:00:00;10243;Pipe;8734;8792;0.00197903;0.06102600;1
17:00:00;10245;Pipe;8736;8726;0.00197903;0.06102600;1
17:00:00;10247;Pipe;8688;8738;0.00090718;0.11189631;1
17:00:00;10249;Pipe;8708;8740;0.00037263;0.04596274;1
17:00:00;10251;Pipe;8714;8742;-0.00000000;0.00000000;1
17:00:00;10253;Pipe;8720;8744;-0.00000000;0.00000000;1
17:00:00;10255;Pipe;8732;8746;0.00302015;0.37252153;1
17:00:00;10257;Pipe;8710;8682;0.00000000;0.00000000;1
17:00:00;10305;Pipe;8792;8736;0.00197903;0.06102600;1
17:00:00;11059;Pipe;9402;4922;0.48438296;0.54191723;1
17:00:00;11067;Pipe;9410;8596;0.41678988;0.91393928;1
17:00:00;5359;Pipe;4922;9410;0.45037227;1.54309210;1
17:00:00;6210;Pipe;5656;4922;-0.02510663;0.05505396;1
17:00:00;550083;Pipe;880081;9402;0.53248545;0.59573326;1
17:00:00;550084;Pipe;880081;7384;-0.57147829;0.63935761;1
18:00:00;10101;Pipe;8596;8598;0.39780617;5.45194805;1
18:00:00;10103;Pipe;8598;8600;0.25606088;3.50932365;1
18:00:00;10105;Pipe;8600;8602;0.24279723;3.32754490;1
18:00:00;10107;Pipe;8598;8604;0.13749241;4.23976163;1
18:00:00;10109;Pipe;8604;8606;0.10902926;3.36206236;1
18:00:00;10111;Pipe;8606;8608;0.07831803;2.41504074;1
18:00:00;10113;Pipe;8608;8610;0.04763173;1.46878779;1
18:00:00;10115;Pipe;8610;8612;0.02571354;0.79291114;1
18:00:00;10117;Pipe;8612;8614;0.02486782;0.76683221;1
18:00:00;10119;Pipe;8602;8616;0.19565455;3.86129185;1
18:00:00;10121;Pipe;8616;8618;0.17717854;3.49666322;1
18:00:00;10123;Pipe;8618;8620;0.16890361;3.33335540;1
18:00:00;10125;Pipe;8620;8622;0.13235507;2.61206068;1
18:00:00;10127;Pipe;8622;8624;0.10372146;2.04696922;1
18:00:00;10129;Pipe;8624;8626;0.10138979;2.00095311;1
18:00:00;10131;Pipe;8626;8628;0.09357989;1.84682278;1
18:00:00;10133;Pipe;8628;8630;0.05577025;1.10064001;1
18:00:00;10135;Pipe;8630;8632;0.05388110;1.06335716;1
18:00:00;10137;Pipe;8632;8634;0.05246006;1.03531245;1
18:00:00;10139;Pipe;8634;8636;0.05000361;0.98683378;1
18:00:00;10141;Pipe;8636;8638;0.04820060;0.95125107;1
18:00:00;10143;Pipe;8638;8640;0.04735063;0.93447669;1
18:00:00;10145;Pipe;8640;8642;0.01761196;0.34757649;1
18:00:00;10147;Pipe;8628;8644;0.03618738;1.11588593;1
18:00:00;10149;Pipe;8644;8646;0.02889016;0.89086664;1
18:00:00;10151;Pipe;8646;8648;0.02760436;0.85121706;1
18:00:00;10153;Pipe;8648;8650;0.01721634;0.53088884;1
18:00:00;10155;Pipe;8650;8652;0.01721634;0.53088884;1
18:00:00;10157;Pipe;8652;8654;0.01721634;0.53088884;1
18:00:00;10159;Pipe;8654;8656;0.01721634;0.53088884;1
18:00:00;10161;Pipe;8656;8658;0.01604770;0.49485208;1
18:00:00;10163;Pipe;8658;8660;0.01604770;0.49485208;1
18:00:00;10165;Pipe;8660;8662;0.00925957;0.28553106;1
18:00:00;10167;Pipe;8662;8664;0.00400272;0.12342905;1
18:00:00;10169;Pipe;8660;8666;-0.00117976;0.03637941;1
18:00:00;10171;Pipe;8666;8668;-0.00117976;0.03637941;1
18:00:00;10173;Pipe;8668;8670;-0.00321327;0.09908543;1
18:00:00;10175;Pipe;8670;8672;-0.00321327;0.09908543;1
18:00:00;10177;Pipe;8672;8674;-0.01120490;0.34551787;1
18:00:00;10179;Pipe;8674;8676;-0.01120490;0.34551787;1
18:00:00;10181;Pipe;8676;8678;-0.01120490;0.34551787;1
18:00:00;10183;Pipe;8678;8680;-0.02328644;0.71806829;1
18:00:00;10185;Pipe;8680;8682;-0.02328644;0.71806829;1
18:00:00;10187;Pipe;8682;8684;-0.02328644;0.71806829;1
18:00:00;10189;Pipe;8684;8686;-0.02328644;0.71806829;1
18:00:00;10191;Pipe;8686;8640;-0.02409510;0.74300460;1
18:00:00;10193;Pipe;8642;8688;0.00194273;0.05990678;1
18:00:00;10195;Pipe;8642;8690;0.01305744;0.40264367;1
18:00:00;10197;Pipe;8690;8692;0.00984832;0.30368603;1
18:00:00;10199;Pipe;8692;8694;0.00575894;0.17758467;1
18:00:00;10201;Pipe;8694;8696;0.00366515;0.11301990;1
18:00:00;10203;Pipe;8696;8698;-0.00439974;0.13567176;1
18:00:00;10205;Pipe;8698;8700;-0.00511243;0.15764859;1
18:00:00;10207;Pipe;8700;8648;-0.00644904;0.19886462;1
18:00:00;10209;Pipe;8696;8702;0.00797109;0.24579909;1
18:00:00;10211;Pipe;8702;8704;0.00590579;0.18211284;1
18:00:00;10213;Pipe;8704;8706;0.00459613;0.14172779;1
18:00:00;10215;Pipe;8706;8708;0.00306979;0.09466116;1
18:00:00;10219;Pipe;8710;8712;-0.00000000;0.00000000;1
18:00:00;10221;Pipe;8712;8714;-0.00000000;0.00000000;1
18:00:00;10223;Pipe;8678;8716;0.01208154;0.37255041;1
18:00:00;10225;Pipe;8716;8718;0.01187768;0.36626415;1
18:00:00;10227;Pipe;8718;8720;0.00753885;0.23247041;1
18:00:00;10229;Pipe;8672;8722;0.00799163;0.24643244;1
18:00:00;10231;Pipe;8722;8724;0.00554375;0.17094900;1
18:00:00;10233;Pipe;8724;8726;0.00554375;0.17094900;1
18:00:00;10235;Pipe;8726;8728;0.00799163;0.24643244;1
18:00:00;10237;Pipe;8728;8730;0.00799163;0.24643244;1
18:00:00;10239;Pipe;8730;8732;0.00490652;0.15129915;1
18:00:00;10241;Pipe;8722;8734;0.00244787;0.07548345;1
18:00:00;10243;Pipe;8734;8792;0.00244787;0.07548345;1
18:00:00;10245;Pipe;8736;8726;0.00244787;0.07548345;1
18:00:00;10247;Pipe;8688;8738;0.00009033;0.01114124;1
18:00:00;10249;Pipe;8708;8740;0.00157634;0.19443387;1
18:00:00;10251;Pipe;8714;8742;-0.00000000;0.00000000;1
18:00:00;10253;Pipe;8720;8744;-0.00000000;0.00000000;1
18:00:00;10255;Pipe;8732;8746;0.00020783;0.02563519;1
18:00:00;10257;Pipe;8710;8682;0.00000000;0.00000000;1
18:00:00;10305;Pipe;8792;8736;0.00244787;0.07548345;1
18:00:00;11059;Pipe;9402;4922;0.50741351;0.56768332;1
18:00:00;11067;Pipe;9410;8596;0.44385575;0.97328948;1
18:00:00;5359;Pipe;4922;9410;0.45534296;1.56012296;1
18:00:00;6210;Pipe;5656;4922;-0.03188596;0.06991972;1
18:00:00;550083;Pipe;880081;9402;0.54649965;0.61141205;1
18:00:00;550084;Pipe;880081;7384;-0.55523138;0.62118092;1
19:00:00;10101;Pipe;8596;8598;0.44814116;6.14179085;1
19:00:00;10103;Pipe;8598;8600;0.29836113;4.08905009;1
19:00:00;10105;Pipe;8600;8602;0.25702493;3.52253602;1
19:00:00;10107;Pipe;8598;8604;0.12083529;3.72611713;1
19:00:00;10109;Pipe;8604;8606;0.11328801;3.49338659;1
19:00:00;10111;Pipe;8606;8608;0.10017617;3.08906571;1
19:00:00;10113;Pipe;8608;8610;0.06857411;2.11457392;1
19:00:00;10115;Pipe;8610;8612;0.03242942;1.00000424;1
19:00:00;10117;Pipe;8612;8614;0.00698374;0.21535284;1
19:00:00;10119;Pipe;8602;8616;0.20789615;4.10288295;1
19:00:00;10121;Pipe;8616;8618;0.16016304;3.16085802;1
19:00:00;10123;Pipe;8618;8620;0.14950578;2.95053438;1
19:00:00;10125;Pipe;8620;8622;0.13221930;2.60938117;1
19:00:00;10127;Pipe;8622;8624;0.10868833;2.14499163;1
19:00:00;10129;Pipe;8624;8626;0.09736561;1.92153490;1
19:00:00;10131;Pipe;8626;8628;0.08968790;1.77001333;1
19:00:00;10133;Pipe;8628;8630;0.04830188;0.95324983;1
19:00:00;10135;Pipe;8630;8632;0.04561872;0.90029700;1
19:00:00;10137;Pipe;8632;8634;0.03861856;0.76214698;1
19:00:00;10139;Pipe;8634;8636;0.03378015;0.66665976;1
19:00:00;10141;Pipe;8636;8638;0.03041883;0.60032325;1
19:00:00;10143;Pipe;8638;8640;0.02957002;0.58357173;1
19:00:00;10145;Pipe;8640;8642;0.00636524;0.12561959;1
19:00:00;10147;Pipe;8628;8644;0.02991001;0.92231512;1
19:00:00;10149;Pipe;8644;8646;0.02341260;0.72195885;1
19:00:00;10151;Pipe;8646;8648;0.01838028;0.56678047;1
19:00:00;10153;Pipe;8648;8650;0.01678183;0.51749016;1
19:00:00;10155;Pipe;8650;8652;0.01678183;0.51749016;1
19:00:00;10157;Pipe;8652;8654;0.01678183;0.51749016;1
19:00:00;10159;Pipe;8654;8656;0.01678183;0.51749016;1
19:00:00;10161;Pipe;8656;8658;0.01456186;0.44903436;1
19:00:00;10163;Pipe;8658;8660;0.01456186;0.44903436;1
19:00:00;10165;Pipe;8660;8662;0.01250514;0.38561269;1
19:00:00;10167;Pipe;8662;8664;0.00719186;0.22177049;1
19:00:00;10169;Pipe;8660;8666;-0.00079077;0.02438437;1
19:00:00;10171;Pipe;8666;8668;-0.00079077;0.02438437;1
19:00:00;10173;Pipe;8668;8670;-0.00079077;0.02438437;1
19:00:00;10175;Pipe;8670;8672;-0.00079077;0.02438437;1
19:00:00;10177;Pipe;8672;8674;-0.00859546;0.26505233;1
19:00:00;10179;Pipe;8674;8676;-0.00859546;0.26505233;1
19:00:00;10181;Pipe;8676;8678;-0.00859546;0.26505233;1
19:00:00;10183;Pipe;8678;8680;-0.02248540;0.69336731;1
19:00:00;10185;Pipe;8680;8682;-0.02248540;0.69336731;1
19:00:00;10187;Pipe;8682;8684;-0.02248540;0.69336731;1
19:00:00;10189;Pipe;8684;8686;-0.02248540;0.69336731;1
19:00:00;10191;Pipe;8686;8640;-0.02248540;0.69336731;1
19:00:00;10193;Pipe;8642;8688;0.00132926;0.04098956;1
19:00:00;10195;Pipe;8642;8690;0.00390422;0.12039184;1
19:00:00;10197;Pipe;8690;8692;0.00272311;0.08397074;1
19:00:00;10199;Pipe;8692;8694;0.00205514;0.06337299;1
19:00:00;10201;Pipe;8694;8696;0.00192122;0.05924338;1
19:00:00;10203;Pipe;8696;8698;-0.00000946;0.00029171;1
19:00:00;10205;Pipe;8698;8700;-0.00048371;0.01491590;1
19:00:00;10207;Pipe;8700;8648;-0.00099472;0.03067354;1
19:00:00;10209;Pipe;8696;8702;0.00130782;0.04032827;1
19:00:00;10211;Pipe;8702;8704;0.00103975;0.03206194;1
19:00:00;10213;Pipe;8704;8706;0.00103280;0.03184785;1
19:00:00;10215;Pipe;8706;8708;0.00057914;0.01785849;1
19:00:00;10219;Pipe;8710;8712;-0.00000000;0.00000000;1
19:00:00;10221;Pipe;8712;8714;-0.00000000;0.00000000;1
19:00:00;10223;Pipe;8678;8716;0.01388995;0.42831499;1
19:00:00;10225;Pipe;8716;8718;0.01388995;0.42831499;1
19:00:00;10227;Pipe;8718;8720;0.00959738;0.29594796;1
19:00:00;10229;Pipe;8672;8722;0.00780469;0.24066795;1
19:00:00;10231;Pipe;8722;8724;0.00541407;0.16695021;1
19:00:00;10233;Pipe;8724;8726;0.00541407;0.16695021;1
19:00:00;10235;Pipe;8726;8728;0.00780469;0.24066795;1
19:00:00;10237;Pipe;8728;8730;0.00780469;0.24066795;1
19:00:00;10239;Pipe;8730;8732;0.00663664;0.20464959;1
19:00:00;10241;Pipe;8722;8734;0.00239061;0.07371774;1
19:00:00;10243;Pipe;8734;8792;0.00239061;0.07371774;1
19:00:00;10245;Pipe;8736;8726;0.00239061;0.07371774;1
19:00:00;10247;Pipe;8688;8738;0.00025936;0.03199062;1
19:00:00;10249;Pipe;8708;8740;0.00027439;0.03384431;1
19:00:00;10251;Pipe;8714;8742;-0.00000000;0.00000000;1
19:00:00;10253;Pipe;8720;8744;-0.00000000;0.00000000;1
19:00:00;10255;Pipe;8732;8746;0.00294121;0.36278466;1
19:00:00;10257;Pipe;8710;8682;0.00000000;0.00000000;1
19:00:00;10305;Pipe;8792;8736;0.00239061;0.07371774;1
19:00:00;11059;Pipe;9402;4922;0.49653549;0.55551323;1
19:00:00;11067;Pipe;9410;8596;0.45526846;0.99831534;1
19:00:00;5359;Pipe;4922;9410;0.47268677;1.61954734;1
19:00:00;6210;Pipe;5656;4922;-0.02091161;0.04585510;1
19:00:00;550083;Pipe;880081;9402;0.52897042;0.59180072;1
19:00:00;550084;Pipe;880081;7384;-0.55070832;0.61612062;1
20:00:00;10101;Pipe;8596;8598;0.38424198;5.26605032;1
20:00:00;10103;Pipe;8598;8600;0.27462932;3.76380481;1
20:00:00;10105;Pipe;8600;8602;0.24490468;3.35642756;1
20:00:00;10107;Pipe;8598;8604;0.10003933;3.08484589;1
20:00:00;10109;Pipe;8604;8606;0.08622515;2.65886732;1
20:00:00;10111;Pipe;8606;8608;0.08601905;2.65251200;1
20:00:00;10113;Pipe;8608;8610;0.07249594;2.23550883;1
20:00:00;10115;Pipe;8610;8612;0.06600051;2.03521364;1
20:00:00;10117;Pipe;8612;8614;0.04073525;1.25612563;1
20:00:00;10119;Pipe;8602;8616;0.21244954;4.19274526;1
20:00:00;10121;Pipe;8616;8618;0.16720122;3.29975831;1
20:00:00;10123;Pipe;8618;8620;0.16182197;3.19359744;1
20:00:00;10125;Pipe;8620;8622;0.13284089;2.62164858;1
20:00:00;10127;Pipe;8622;8624;0.12427746;2.45264707;1
20:00:00;10129;Pipe;8624;8626;0.11094973;2.18962099;1
20:00:00;10131;Pipe;8626;8628;0.09811202;1.93626542;1
20:00:00;10133;Pipe;8628;8630;0.05275728;1.04117816;1
20:00:00;10135;Pipe;8630;8632;0.04399530;0.86825834;1
20:00:00;10137;Pipe;8632;8634;0.04163761;0.82172874;1
20:00:00;10139;Pipe;8634;8636;0.04005463;0.79048829;1
20:00:00;10141;Pipe;8636;8638;0.03535347;0.69770956;1
20:00:00;10143;Pipe;8638;8640;0.03242050;0.63982684;1
20:00:00;10145;Pipe;8640;8642;0.01033463;0.20395657;1
20:00:00;10147;Pipe;8628;8644;0.03046564;0.93944853;1
20:00:00;10149;Pipe;8644;8646;0.02461912;0.75916322;1
20:00:00;10151;Pipe;8646;8648;0.02368815;0.73045568;1
20:00:00;10153;Pipe;8648;8650;0.01634192;0.50392487;1
20:00:00;10155;Pipe;8650;8652;0.01634192;0.50392487;1
20:00:00;10157;Pipe;8652;8654;0.01634192;0.50392487;1
20:00:00;10159;Pipe;8654;8656;0.01634192;0.50392487;1
20:00:00;10161;Pipe;8656;8658;0.01249508;0.38530251;1
20:00:00;10163;Pipe;8658;8660;0.01249508;0.38530251;1
20:00:00;10165;Pipe;8660;8662;0.00395680;0.12201335;1
20:00:00;10167;Pipe;8662;8664;0.00296036;0.09128656;1
20:00:00;10169;Pipe;8660;8666;0.00150606;0.04644134;1
20:00:00;10171;Pipe;8666;8668;0.00150606;0.04644134;1
20:00:00;10173;Pipe;8668;8670;0.00079680;0.02457050;1
20:00:00;10175;Pipe;8670;8672;0.00079680;0.02457050;1
20:00:00;10177;Pipe;8672;8674;-0.01010497;0.31160028;1
20:00:00;10179;Pipe;8674;8676;-0.01010497;0.31160028;1
20:00:00;10181;Pipe;8676;8678;-0.01010497;0.31160028;1
20:00:00;10183;Pipe;8678;8680;-0.02077368;0.64058394;1
20:00:00;10185;Pipe;8680;8682;-0.02077368;0.64058394;1
20:00:00;10187;Pipe;8682;8684;-0.02077368;0.64058394;1
20:00:00;10189;Pipe;8684;8686;-0.02077368;0.64058394;1
20:00:00;10191;Pipe;8686;8640;-0.02077368;0.64058394;1
20:00:00;10193;Pipe;8642;8688;0.00303269;0.09351715;1
20:00:00;10195;Pipe;8642;8690;0.00662146;0.20418153;1
20:00:00;10197;Pipe;8690;8692;0.00421877;0.13009134;1
20:00:00;10199;Pipe;8692;8694;0.00391770;0.12080745;1
20:00:00;10201;Pipe;8694;8696;0.00266999;0.08233260;1
20:00:00;10203;Pipe;8696;8698;-0.00268399;0.08276441;1
20:00:00;10205;Pipe;8698;8700;-0.00451615;0.13926153;1
20:00:00;10207;Pipe;8700;8648;-0.00502946;0.15509021;1
20:00:00;10209;Pipe;8696;8702;0.00463632;0.14296700;1
20:00:00;10211;Pipe;8702;8704;0.00277420;0.08554630;1
20:00:00;10213;Pipe;8704;8706;0.00162684;0.05016567;1
20:00:00;10215;Pipe;8706;8708;0.00079510;0.02451805;1
20:00:00;10219;Pipe;8710;8712;-0.00000000;0.00000000;1
20:00:00;10221;Pipe;8712;8714;-0.00000000;0.00000000;1
20:00:00;10223;Pipe;8678;8716;0.01066870;0.32898366;1
20:00:00;10225;Pipe;8716;8718;0.01055693;0.32553690;1
20:00:00;10227;Pipe;8718;8720;0.00029715;0.00916288;1
20:00:00;10229;Pipe;8672;8722;0.01090178;0.33617078;1
20:00:00;10231;Pipe;8722;8724;0.00756250;0.23319984;1
20:00:00;10233;Pipe;8724;8726;0.00756250;0.23319984;1
20:00:00;10235;Pipe;8726;8728;0.01090178;0.33617078;1
20:00:00;10237;Pipe;8728;8730;0.01090178;0.33617078;1
20:00:00;10239;Pipe;8730;8732;0.00776085;0.23931630;1
20:00:00;10241;Pipe;8722;8734;0.00333927;0.10297093;1
20:00:00;10243;Pipe;8734;8792;0.00333927;0.10297093;1
20:00:00;10245;Pipe;8736;8726;0.00333927;0.10297093;1
20:00:00;10247;Pipe;8688;8738;0.00130752;0.16127660;1
20:00:00;10249;Pipe;8708;8740;0.00061886;0.07633400;1
20:00:00;10251;Pipe;8714;8742;-0.00000000;0.00000000;1
20:00:00;10253;Pipe;8720;8744;-0.00000000;0.00000000;1
20:00:00;10255;Pipe;8732;8746;0.00326631;0.40288395;1
20:00:00;10257;Pipe;8710;8682;0.00000000;0.00000000;1
20:00:00;10305;Pipe;8792;8736;0.00333927;0.10297093;1
20:00:00;11059;Pipe;9402;4922;0.52875331;0.59155783;1
20:00:00;11067;Pipe;9410;8596;0.41777709;0.91610404;1
20:00:00;5359;Pipe;4922;9410;0.46029331;1.57708415;1
20:00:00;6210;Pipe;5656;4922;-0.02664072;0.05841792;1
20:00:00;550083;Pipe;880081;9402;0.53049977;0.59351173;1
20:00:00;550084;Pipe;880081;7384;-0.57642292;0.64488956;1
21:00:00;10101;Pipe;8596;8598;0.35597040;4.87858727;1
21:00:00;10103;Pipe;8598;8600;0.24899800;3.41252666;1
21:00:00;10105;Pipe;8600;8602;0.23549852;3.22751576;1
21:00:00;10107;Pipe;8598;8604;0.07405811;2.28368038;1
21:00:00;10109;Pipe;8604;8606;0.07365180;2.27115126;1
21:00:00;10111;Pipe;8606;8608;0.07040865;2.17114463;1
21:00:00;10113;Pipe;8608;8610;0.04010414;1.23666445;1
21:00:00;10115;Pipe;8610;8612;0.01406230;0.43362987;1
21:00:00;10117;Pipe;8612;8614;0.01159963;0.35768999;1
21:00:00;10119;Pipe;8602;8616;0.21694725;4.28150867;1
21:00:00;10121;Pipe;8616;8618;0.17754433;3.50388217;1
21:00:00;10123;Pipe;8618;8620;0.14681339;2.89739930;1
21:00:00;10125;Pipe;8620;8622;0.14146452;2.79183802;1
21:00:00;10127;Pipe;8622;8624;0.13360090;2.63664753;1
21:00:00;10129;Pipe;8624;8626;0.11386518;2.24715804;1
21:00:00;10131;Pipe;8626;8628;0.09602053;1.89498947;1
21:00:00;10133;Pipe;8628;8630;0.05319751;1.04986623;1
21:00:00;10135;Pipe;8630;8632;0.05156018;1.01755325;1
21:00:00;10137;Pipe;8632;8634;0.05082587;1.00306141;1
21:00:00;10139;Pipe;8634;8636;0.04496704;0.88743584;1
21:00:00;10141;Pipe;8636;8638;0.04243242;0.83741462;1
21:00:00;10143;Pipe;8638;8640;0.04123662;0.81381517;1
21:00:00;10145;Pipe;8640;8642;0.01642050;0.32406275;1
21:00:00;10147;Pipe;8628;8644;0.03270456;1.00848857;1
21:00:00;10149;Pipe;8644;8646;0.03093342;0.95387333;1
21:00:00;10151;Pipe;8646;8648;0.02363931;0.72894970;1
21:00:00;10153;Pipe;8648;8650;0.01434534;0.44235771;1
21:00:00;10155;Pipe;8650;8652;0.01434534;0.44235771;1
21:00:00;10157;Pipe;8652;8654;0.01434534;0.44235771;1
21:00:00;10159;Pipe;8654;8656;0.01434534;0.44235771;1
21:00:00;10161;Pipe;8656;8658;0.01264815;0.39002263;1
21:00:00;10163;Pipe;8658;8660;0.01264815;0.39002263;1
21:00:00;10165;Pipe;8660;8662;0.00569449;0.17559733;1
21:00:00;10167;Pipe;8662;8664;0.00015174;0.00467915;1
21:00:00;10169;Pipe;8660;8666;0.00476157;0.14682922;1
21:00:00;10171;Pipe;8666;8668;0.00476157;0.14682922;1
21:00:00;10173;Pipe;8668;8670;0.00350170;0.10797944;1
21:00:00;10175;Pipe;8670;8672;0.00350170;0.10797944;1
21:00:00;10177;Pipe;8672;8674;-0.00441364;0.13610060;1
21:00:00;10179;Pipe;8674;8676;-0.00441364;0.13610060;1
21:00:00;10181;Pipe;8676;8678;-0.00441364;0.13610060;1
21:00:00;10183;Pipe;8678;8680;-0.02012924;0.62071205;1
21:00:00;10185;Pipe;8680;8682;-0.02012924;0.62071205;1
21:00:00;10187;Pipe;8682;8684;-0.02012924;0.62071205;1
21:00:00;10189;Pipe;8684;8686;-0.02012924;0.62071205;1
21:00:00;10191;Pipe;8686;8640;-0.02012924;0.62071205;1
21:00:00;10193;Pipe;8642;8688;0.00386236;0.11910099;1
21:00:00;10195;Pipe;8642;8690;0.00891627;0.27494513;1
21:00:00;10197;Pipe;8690;8692;0.00591003;0.18224355;1
21:00:00;10199;Pipe;8692;8694;0.00562236;0.17337285;1
21:00:00;10201;Pipe;8694;8696;0.00277336;0.08552010;1
21:00:00;10203;Pipe;8696;8698;-0.00652128;0.20109249;1
21:00:00;10205;Pipe;8698;8700;-0.00691382;0.21319692;1
21:00:00;10207;Pipe;8700;8648;-0.00880553;0.27153016;1
21:00:00;10209;Pipe;8696;8702;0.00624460;0.19256068;1
21:00:00;10211;Pipe;8702;8704;0.00459332;0.14164127;1
21:00:00;10213;Pipe;8704;8706;0.00242434;0.07475761;1
21:00:00;10215;Pipe;8706;8708;0.00162218;0.05002214;1
21:00:00;10219;Pipe;8710;8712;-0.00000000;0.00000000;1
21:00:00;10221;Pipe;8712;8714;-0.00000000;0.00000000;1
21:00:00;10223;Pipe;8678;8716;0.01571560;0.48461144;1
21:00:00;10225;Pipe;8716;8718;0.01153658;0.35574590;1
21:00:00;10227;Pipe;8718;8720;0.01011869;0.31202326;1
21:00:00;10229;Pipe;8672;8722;0.00791534;0.24408004;1
21:00:00;10231;Pipe;8722;8724;0.00549083;0.16931715;1
21:00:00;10233;Pipe;8724;8726;0.00549083;0.16931715;1
21:00:00;10235;Pipe;8726;8728;0.00791534;0.24408004;1
21:00:00;10237;Pipe;8728;8730;0.00791534;0.24408004;1
21:00:00;10239;Pipe;8730;8732;0.00511172;0.15762656;1
21:00:00;10241;Pipe;8722;8734;0.00242451;0.07476289;1
21:00:00;10243;Pipe;8734;8792;0.00242451;0.07476289;1
21:00:00;10245;Pipe;8736;8726;0.00242451;0.07476289;1
21:00:00;10247;Pipe;8688;8738;0.00172827;0.21317390;1
21:00:00;10249;Pipe;8708;8740;0.00060806;0.07500085;1
21:00:00;10251;Pipe;8714;8742;-0.00000000;0.00000000;1
21:00:00;10253;Pipe;8720;8744;-0.00000000;0.00000000;1
21:00:00;10255;Pipe;8732;8746;0.00039094;0.04822104;1
21:00:00;10257;Pipe;8710;8682;0.00000000;0.00000000;1
21:00:00;10305;Pipe;8792;8736;0.00242451;0.07476289;1
21:00:00;11059;Pipe;9402;4922;0.50054227;0.55999592;1
21:00:00;11067;Pipe;9410;8596;0.37434386;0.82086340;1
21:00:00;5359;Pipe;4922;9410;0.42282960;1.44872376;1
21:00:00;6210;Pipe;5656;4922;-0.03687051;0.08084988;1
21:00:00;550083;Pipe;880081;9402;0.50834562;0.56872614;1
21:00:00;550084;Pipe;880081;7384;-0.52080755;0.58266828;1
22:00:00;10101;Pipe;8596;8598;0.42865920;5.87478989;1
22:00:00;10103;Pipe;8598;8600;0.25481647;3.49226898;1
22:00:00;10105;Pipe;8600;8602;0.21351730;2.92626234;1
22:00:00;10107;Pipe;8598;8604;0.15598038;4.80986266;1
22:00:00;10109;Pipe;8604;8606;0.12595552;3.88400633;1
22:00:00;10111;Pipe;8606;8608;0.08971677;2.76653595;1
22:00:00;10113;Pipe;8608;8610;0.06224674;1.91946106;1
22:00:00;10115;Pipe;8610;8612;0.02654321;0.81849538;1
22:00:00;10117;Pipe;8612;8614;0.02585015;0.79712366;1
22:00:00;10119;Pipe;8602;8616;0.17804986;3.51385888;1
22:00:00;10121;Pipe;8616;8618;0.16998210;3.35463963;1
22:00:00;10123;Pipe;8618;8620;0.15255362;3.01068427;1
22:00:00;10125;Pipe;8620;8622;0.14147573;2.79205926;1
22:00:00;10127;Pipe;8622;8624;0.13632282;2.69036528;1
22:00:00;10129;Pipe;8624;8626;0.12696873;2.50575997;1
22:00:00;10131;Pipe;8626;8628;0.10607092;2.09333637;1
22:00:00;10133;Pipe;8628;8630;0.06497765;1.28235041;1
22:00:00;10135;Pipe;8630;8632;0.05714955;1.12786080;1
22:00:00;10137;Pipe;8632;8634;0.04810867;0.94943680;1
22:00:00;10139;Pipe;8634;8636;0.04243841;0.83753270;1
22:00:00;10141;Pipe;8636;8638;0.03951395;0.77981769;1
22:00:00;10143;Pipe;8638;8640;0.03659853;0.72228119;1
22:00:00;10145;Pipe;8640;8642;0.01143522;0.22567699;1
22:00:00;10147;Pipe;8628;8644;0.03744683;1.15472287;1
22:00:00;10149;Pipe;8644;8646;0.03032518;0.93511721;1
22:00:00;10151;Pipe;8646;8648;0.02579996;0.79557612;1
22:00:00;10153;Pipe;8648;8650;0.01662503;0.51265498;1
22:00:00;10155;Pipe;8650;8652;0.01662503;0.51265498;1
22:00:00;10157;Pipe;8652;8654;0.01662503;0.51265498;1
22:00:00;10159;Pipe;8654;8656;0.01662503;0.51265498;1
22:00:00;10161;Pipe;8656;8658;0.01509837;0.46557836;1
22:00:00;10163;Pipe;8658;8660;0.01509837;0.46557836;1
22:00:00;10165;Pipe;8660;8662;0.01265420;0.39020921;1
22:00:00;10167;Pipe;8662;8664;0.00486434;0.14999836;1
22:00:00;10169;Pipe;8660;8666;0.00066318;0.02045009;1
22:00:00;10171;Pipe;8666;8668;0.00066318;0.02045009;1
22:00:00;10173;Pipe;8668;8670;-0.00022434;0.00691789;1
22:00:00;10175;Pipe;8670;8672;-0.00022434;0.00691789;1
22:00:00;10177;Pipe;8672;8674;-0.00895538;0.27615100;1
22:00:00;10179;Pipe;8674;8676;-0.00895538;0.27615100;1
22:00:00;10181;Pipe;8676;8678;-0.00895538;0.27615100;1
22:00:00;10183;Pipe;8678;8680;-0.02189757;0.67524067;1
22:00:00;10185;Pipe;8680;8682;-0.02189757;0.67524067;1
22:00:00;10187;Pipe;8682;8684;-0.02189757;0.67524067;1
22:00:00;10189;Pipe;8684;8686;-0.02189757;0.67524067;1
22:00:00;10191;Pipe;8686;8640;-0.02189757;0.67524067;1
22:00:00;10193;Pipe;8642;8688;0.00408345;0.12591867;1
22:00:00;10195;Pipe;8642;8690;0.00729124;0.22483513;1
22:00:00;10197;Pipe;8690;8692;0.00427862;0.13193705;1
22:00:00;10199;Pipe;8692;8694;0.00324083;0.09993523;1
22:00:00;10201;Pipe;8694;8696;0.00145417;0.04484121;1
22:00:00;10203;Pipe;8696;8698;-0.00518404;0.15985691;1
22:00:00;10205;Pipe;8698;8700;-0.00557265;0.17183996;1
22:00:00;10207;Pipe;8700;8648;-0.00903896;0.27872848;1
22:00:00;10209;Pipe;8696;8702;0.00493767;0.15225971;1
22:00:00;10211;Pipe;8702;8704;0.00276844;0.08536846;1
22:00:00;10213;Pipe;8704;8706;0.00223253;0.06884306;1
22:00:00;10215;Pipe;8706;8708;0.00089287;0.02753284;1
22:00:00;10219;Pipe;8710;8712;-0.00000000;0.00000000;1
22:00:00;10221;Pipe;8712;8714;-0.00000000;0.00000000;1
22:00:00;10223;Pipe;8678;8716;0.01294219;0.39908967;1
22:00:00;10225;Pipe;8716;8718;0.01060567;0.32704009;1
22:00:00;10227;Pipe;8718;8720;0.00072115;0.02223776;1
22:00:00;10229;Pipe;8672;8722;0.00873104;0.26923311;1
22:00:00;10231;Pipe;8722;8724;0.00605668;0.18676566;1
22:00:00;10233;Pipe;8724;8726;0.00605668;0.18676566;1
22:00:00;10235;Pipe;8726;8728;0.00873104;0.26923311;1
22:00:00;10237;Pipe;8728;8730;0.00873104;0.26923311;1
22:00:00;10239;Pipe;8730;8732;0.00798801;0.24632104;1
22:00:00;10241;Pipe;8722;8734;0.00267436;0.08246745;1
22:00:00;10243;Pipe;8734;8792;0.00267436;0.08246745;1
22:00:00;10245;Pipe;8736;8726;0.00267436;0.08246745;1
22:00:00;10247;Pipe;8688;8738;0.00129269;0.15944736;1
22:00:00;10249;Pipe;8708;8740;0.00063994;0.07893391;1
22:00:00;10251;Pipe;8714;8742;-0.00000000;0.00000000;1
22:00:00;10253;Pipe;8720;8744;-0.00000000;0.00000000;1
22:00:00;10255;Pipe;8732;8746;0.00303843;0.37477595;1
22:00:00;10257;Pipe;8710;8682;0.00000000;0.00000000;1
22:00:00;10305;Pipe;8792;8736;0.00267436;0.08246745;1
22:00:00;11059;Pipe;9402;4922;0.61409251;0.68703349;1
22:00:00;11067;Pipe;9410;8596;0.47500279;1.04158890;1
22:00:00;5359;Pipe;4922;9410;0.52432421;1.79647058;1
22:00:00;6210;Pipe;5656;4922;-0.04937955;0.10827976;1
22:00:00;550083;Pipe;880081;9402;0.61558892;0.68870764;1
22:00:00;550084;Pipe;880081;7384;-0.64336748;0.71978569;1
23:00:00;10101;Pipe;8596;8598;0.44428716;6.08897166;1
23:00:00;10103;Pipe;8598;8600;0.27285655;3.73950901;1
23:00:00;10105;Pipe;8600;8602;0.23951569;3.28257124;1
23:00:00;10107;Pipe;8598;8604;0.14744434;4.54664249;1
23:00:00;10109;Pipe;8604;8606;0.12466368;3.84417075;1
23:00:00;10111;Pipe;8606;8608;0.07729865;2.38360670;1
23:00:00;10113;Pipe;8608;8610;0.07717538;2.37980554;1
23:00:00;10115;Pipe;8610;8612;0.03917016;1.20786418;1
23:00:00;10117;Pipe;8612;8614;0.03386111;1.04415242;1
23:00:00;10119;Pipe;8602;8616;0.20734474;4.09200087;1
23:00:00;10121;Pipe;8616;8618;0.19542870;3.85683477;1
23:00:00;10123;Pipe;8618;8620;0.15943867;3.14656244;1
23:00:00;10125;Pipe;8620;8622;0.13476230;2.65956794;1
23:00:00;10127;Pipe;8622;8624;0.11803832;2.32951605;1
23:00:00;10129;Pipe;8624;8626;0.10994619;2.16981580;1
23:00:00;10131;Pipe;8626;8628;0.09259366;1.82735917;1
23:00:00;10133;Pipe;8628;8630;0.05517112;1.08881607;1
23:00:00;10135;Pipe;8630;8632;0.04412041;0.87072749;1
23:00:00;10137;Pipe;8632;8634;0.04104197;0.80997366;1
23:00:00;10139;Pipe;8634;8636;0.03560135;0.70260172;1
23:00:00;10141;Pipe;8636;8638;0.03318207;0.65485652;1
23:00:00;10143;Pipe;8638;8640;0.03244549;0.64031987;1
23:00:00;10145;Pipe;8640;8642;0.00851106;0.16796798;1
23:00:00;10147;Pipe;8628;8644;0.02988890;0.92166396;1
23:00:00;10149;Pipe;8644;8646;0.02836408;0.87464434;1
23:00:00;10151;Pipe;8646;8648;0.02269749;0.69990724;1
23:00:00;10153;Pipe;8648;8650;0.01662440;0.51263564;1
23:00:00;10155;Pipe;8650;8652;0.01662440;0.51263564;1
23:00:00;10157;Pipe;8652;8654;0.01662440;0.51263564;1
23:00:00;10159;Pipe;8654;8656;0.01662440;0.51263565;1
23:00:00;10161;Pipe;8656;8658;0.01545949;0.47671394;1
23:00:00;10163;Pipe;8658;8660;0.01545949;0.47671394;1
23:00:00;10165;Pipe;8660;8662;0.00946558;0.29188383;1
23:00:00;10167;Pipe;8662;8664;0.00263514;0.08125812;1
23:00:00;10169;Pipe;8660;8666;-0.00073345;0.02261687;1
23:00:00;10171;Pipe;8666;8668;-0.00073345;0.02261687;1
23:00:00;10173;Pipe;8668;8670;-0.00073345;0.02261687;1
23:00:00;10175;Pipe;8670;8672;-0.00073345;0.02261687;1
23:00:00;10177;Pipe;8672;8674;-0.00775983;0.23928471;1
23:00:00;10179;Pipe;8674;8676;-0.00775983;0.23928471;1
23:00:00;10181;Pipe;8676;8678;-0.00775983;0.23928471;1
23:00:00;10183;Pipe;8678;8680;-0.02278039;0.70246372;1
23:00:00;10185;Pipe;8680;8682;-0.02278039;0.70246372;1
23:00:00;10187;Pipe;8682;8684;-0.02278039;0.70246372;1
23:00:00;10189;Pipe;8684;8686;-0.02278039;0.70246372;1
23:00:00;10191;Pipe;8686;8640;-0.02278039;0.70246372;1
23:00:00;10193;Pipe;8642;8688;0.00190479;0.05873668;1
23:00:00;10195;Pipe;8642;8690;0.00398749;0.12295962;1
23:00:00;10197;Pipe;8690;8692;0.00367459;0.11331100;1
23:00:00;10199;Pipe;8692;8694;0.00276487;0.08525838;1
23:00:00;10201;Pipe;8694;8696;0.00161861;0.04991210;1
23:00:00;10203;Pipe;8696;8698;-0.00246336;0.07596112;1
23:00:00;10205;Pipe;8698;8700;-0.00254994;0.07863072;1
23:00:00;10207;Pipe;8700;8648;-0.00421954;0.13011499;1
23:00:00;10209;Pipe;8696;8702;0.00288915;0.08909089;1
23:00:00;10211;Pipe;8702;8704;0.00193746;0.05974404;1
23:00:00;10213;Pipe;8704;8706;0.00162603;0.05014071;1
23:00:00;10215;Pipe;8706;8708;0.00104923;0.03235430;1
23:00:00;10219;Pipe;8710;8712;-0.00000000;0.00000000;1
23:00:00;10221;Pipe;8712;8714;-0.00000000;0.00000000;1
23:00:00;10223;Pipe;8678;8716;0.01502056;0.46317900;1
23:00:00;10225;Pipe;8716;8718;0.01502056;0.46317900;1
23:00:00;10227;Pipe;8718;8720;0.01090272;0.33619988;1
23:00:00;10229;Pipe;8672;8722;0.00702638;0.21666784;1
23:00:00;10231;Pipe;8722;8724;0.00487417;0.15030150;1
23:00:00;10233;Pipe;8724;8726;0.00487417;0.15030150;1
23:00:00;10235;Pipe;8726;8728;0.00702638;0.21666784;1
23:00:00;10237;Pipe;8728;8730;0.00702638;0.21666784;1
23:00:00;10239;Pipe;8730;8732;0.00495623;0.15283210;1
23:00:00;10241;Pipe;8722;8734;0.00215221;0.06636634;1
23:00:00;10243;Pipe;8734;8792;0.00215221;0.06636634;1
23:00:00;10245;Pipe;8736;8726;0.00215221;0.06636634;1
23:00:00;10247;Pipe;8688;8738;0.00059111;0.07291105;1
23:00:00;10249;Pipe;8708;8740;0.00023389;0.02884977;1
23:00:00;10251;Pipe;8714;8742;-0.00000000;0.00000000;1
23:00:00;10253;Pipe;8720;8744;-0.00000000;0.00000000;1
23:00:00;10255;Pipe;8732;8746;0.00300576;0.37074681;1
23:00:00;10257;Pipe;8710;8682;0.00000000;0.00000000;1
23:00:00;10305;Pipe;8792;8736;0.00215221;0.06636634;1
23:00:00;11059;Pipe;9402;4922;0.51729903;0.57874303;1
23:00:00;11067;Pipe;9410;8596;0.44541513;0.97670890;1
23:00:00;5359;Pipe;4922;9410;0.47726699;1.63524036;1
23:00:00;6210;Pipe;5656;4922;-0.03319093;0.07278127;1
23:00:00;550083;Pipe;880081;9402;0.53289308;0.59618931;1
23:00:00;550084;Pipe;880081;7384;-0.57337263;0.64147696;1
